1 11709
1 10859
1 86556
2 95913
1 2915
2 35805
2 56693
2 92332
1 80589
1 9509
1 23221
1 27553
2 11962
2 10037
2 59145
1 4984
2 39361
2 70817
1 39897
2 79569
2 79017
1 57381
2 30168
1 96300
2 49626
2 16854
2 11767
2 53342
1 31071
2 83789
2 23004
1 10838
2 92452
1 36283
2 19813
2 93787
2 45202
1 47036
2 92868
1 71021
2 95748
2 39853
2 44609
2 89840
1 5913
2 7415
2 38215
2 75774
1 85932
2 23486
1 51503
1 18039
1 63939
1 19326
1 63302
2 59344
2 56433
2 53011
1 74752
1 35602
2 58501
2 99765
2 53703
1 29184
1 55469
2 19070
2 93119
2 34418
1 74021
1 84463
1 54440
2 62951
1 47127
1 36652
1 8723
1 13006
1 71476
2 78024
2 73122
2 59660
1 30513
1 79012
1 92180
2 17975
1 14486
1 41901
2 87486
2 13382
1 2502
2 51816
1 28632
2 42091
1 57212
2 97495
2 92402
1 75367
1 79856
2 82390
1 50854
1 36356
2 46728
2 55157
2 40974
1 43711
2 66549
2 99203
2 90584
2 13441
1 33440
2 93874
1 54331
1 16219
2 60074
2 65125
1 23282
2 11757
2 52254
1 7446
2 73566
2 50000
2 48335
2 62550
1 5172
2 43996
1 39141
2 68095
1 67153
2 48226
1 79753
2 74255
1 66865
2 23843
1 44918
2 30288
2 7669
1 11688
1 24828
1 28695
2 56086
1 84631
1 69953
1 70249
1 76057
1 92865
2 16427
1 78905
1 3136
2 35948
2 43425
1 33395
1 92455
2 53607
1 10720
2 87315
1 67874
1 43105
2 38333
1 63340
2 17060
2 19556
1 90962
1 12756
2 36061
1 72657
2 84506
1 25363
2 52596
2 36091
1 5336
1 75298
2 35354
1 86381
2 73672
1 34368
2 32730
1 82793
1 19921
1 18967
2 87092
2 14340
2 21617
1 50508
1 18884
2 3269
2 11315
2 48920
2 63389
2 67773
1 17020
1 45553
1 4162
1 31500
2 71416
1 77529
2 21992
2 31037
1 38374
2 1461
2 67749
1 78747
1 33878
1 92497
1 42062
2 11160
1 79884
1 75897
1 39792
1 46701
2 34904
2 17867
2 47098
1 37395
2 66413
2 45169
1 77887
2 76810
2 15449
2 52237
1 77949
1 26832
2 90839
2 52890
2 3559
1 76505
1 82644
2 97241
2 85361
1 96385
1 52634
2 67609
2 69024
2 48438
2 40014
2 50894
2 59448
1 42587
1 50599
2 53781
2 54044
2 76285
1 52996
1 67305
1 58010
1 62213
1 66750
2 13124
2 5337
2 64618
1 22835
2 445
1 20339
1 52858
2 58515
2 42157
1 97833
1 53681
2 59630
2 4901
1 58010
2 82579
1 57560
1 10164
1 87461
2 31949
1 64351
2 11639
1 15957
1 67712
2 25205
1 65902
2 95084
2 8157
1 2489
2 91409
2 84998
2 56119
2 67835
2 90796
2 77629
2 1492
1 74620
1 85419
2 35883
1 64462
2 5217
2 42501
2 46586
1 31436
2 55094
1 84630
2 48793
1 85436
1 2694
2 60181
1 66025
2 15765
1 72745
1 16645
2 47889
1 61945
2 34735
1 73450
2 80012
2 33955
1 63557
1 49188
2 1853
2 68824
2 73877
2 9478
2 10815
1 90429
2 84749
1 34755
1 10712
1 27138
1 15919
1 31886
2 94365
1 24762
2 61847
1 38360
2 43246
1 17002
1 63744
1 79750
1 89445
1 95109
1 96611
2 53992
1 74951
1 54811
2 32035
2 82242
1 6571
1 20158
2 4224
2 92771
2 70289
2 55191
2 11248
1 2479
2 10812
2 72443
1 1630
1 85951
2 94735
2 72090
2 11399
1 70324
1 75622
1 31833
2 68535
2 85200
1 27724
2 31481
2 39259
1 79446
1 15869
1 86454
2 38924
1 33412
2 32316
1 74147
2 83562
1 97662
2 19589
1 52698
2 46842
2 55865
1 55745
2 60943
2 78820
2 18794
1 61575
2 58937
2 58005
1 57301
1 82736
1 61545
1 97825
2 95645
1 84247
2 51918
2 77836
1 1186
2 90658
1 70083
2 41274
2 7868
1 82606
1 82202
2 32264
1 70848
2 49353
1 23730
1 56039
1 13489
2 85868
2 25444
1 23025
1 52591
1 74191
2 99309
2 50197
1 59338
1 94438
1 43236
2 20027
1 90928
2 78711
1 34064
2 90465
2 75946
1 11340
1 38074
1 97885
1 45697
2 82974
2 4380
2 3628
2 93075
1 68094
2 12001
2 74688
2 1991
1 74682
1 13503
2 98353
1 78822
1 22037
2 82341
1 10169
2 56092
1 49240
1 73517
1 75445
1 71047
1 73202
1 50825
1 70312
2 55713
1 41519
2 2865
1 86579
1 46503
2 60067
1 38516
2 59923
1 7465
2 54504
2 42921
1 94952
2 15815
2 44570
2 39174
1 878
2 89156
2 84017
1 5817
1 25860
2 32130
2 19524
2 42746
1 44048
2 6903
2 18896
2 25526
1 28715
1 31229
1 88776
1 76966
2 85753
1 18501
1 29900
1 70548
1 78045
1 89595
1 90894
1 86211
2 43979
1 47690
2 82587
2 39167
1 89149
1 32447
2 60462
1 76780
2 68254
1 61975
1 6157
2 17238
2 11543
2 39066
2 35116
2 96867
1 53226
1 85838
2 77786
2 71414
1 78479
1 95122
1 31886
2 54443
2 55233
2 10717
2 48656
1 70999
1 3191
2 10530
1 84527
2 1239
2 3386
2 24832
1 80062
1 65539
2 35898
1 21067
1 57656
2 84351
2 28895
2 36310
1 20369
2 25350
2 886
1 75769
2 31600
2 94323
2 35222
2 67222
1 46858
1 23521
1 70858
1 12863
2 60398
1 9774
1 48686
2 40083
2 16280
1 89853
1 43867
2 26293
1 13983
2 27423
2 42810
1 77461
1 23072
2 91063
2 95267
1 414
1 79404
1 19425
1 88958
1 1978
2 19070
1 11895
2 79702
1 49691
2 13005
1 39432
2 7154
2 37849
2 88206
1 86415
2 93437
1 36115
1 35923
1 1232
1 41251
1 68113
1 39191
2 49363
1 60180
2 51550
1 25990
2 28719
2 53111
1 54039
2 62029
1 61270
2 19380
2 75541
2 50432
1 96846
1 13396
1 21702
2 40629
2 34159
2 71431
2 42518
1 84643
2 68919
2 92430
2 72511
2 21969
2 1956
1 59030
2 43472
2 79280
2 2294
2 36800
2 31676
1 97521
1 65287
1 52217
2 38845
1 80985
1 8684
2 82590
1 56881
1 6233
1 5882
2 44753
2 27614
1 23301
1 69009
2 4102
2 20410
2 53849
1 34769
1 55397
2 76120
1 37085
2 26237
2 84638
2 46686
2 40500
2 12984
1 89270
1 39676
1 9414
2 36222
2 32039
2 2445
2 12041
1 73114
1 95274
1 64989
1 85185
1 50619
2 20999
1 76200
2 2408
2 15015
1 12421
1 26000
1 701
1 53372
2 75025
2 49324
2 65611
1 87503
1 85040
1 70275
2 41120
2 69654
2 87535
1 38178
1 11807
2 82313
1 42219
2 2493
1 3937
2 2398
2 95376
1 17136
2 97335
1 12389
2 68896
1 53225
2 37946
1 76519
1 47914
1 90021
2 92147
1 46244
2 63899
2 91887
1 14766
2 76215
1 45942
2 78641
1 46629
1 36725
1 25191
1 23739
1 64125
1 13427
1 95060
2 24545
2 46290
2 40921
1 87564
2 6415
2 71950
1 87776
2 63864
1 73973
2 9792
2 57157
1 33276
2 93595
2 27745
1 5588
2 19726
2 64449
2 59507
2 88536
1 98223
2 71420
1 20448
2 4111
1 65786
1 20245
2 28719
1 24832
1 20755
2 67940
1 2909
1 87905
2 81522
1 71541
1 18033
1 35412
1 34382
1 82264
1 39341
1 99634
2 73550
1 65389
2 71410
2 49992
1 9591
2 16583
2 20665
1 59951
2 3916
2 17885
2 63414
1 86016
2 70509
2 4907
2 44639
2 83098
1 3275
2 50648
2 34805
1 61684
1 81860
2 10253
1 82735
1 68990
2 89102
2 30893
2 11392
2 16948
2 84563
2 41997
2 44764
2 65044
2 7693
2 35319
1 83791
2 78283
2 37299
1 18344
1 7142
1 51002
1 1041
1 83345
2 50470
2 4983
1 78034
1 77129
2 27118
1 59061
2 15450
1 4054
2 46912
2 57921
1 5411
2 17835
2 8274
1 30665
2 75577
2 19277
2 64870
1 81935
1 14474
2 81682
1 51914
1 25781
2 90557
1 19009
2 63530
2 19439
1 39260
2 74350
1 10188
1 19129
2 3643
1 14165
1 58534
2 89409
1 30343
2 17911
1 24120
2 59716
1 51977
1 34500
1 51076
1 14759
2 36611
1 3695
2 26406
2 98787
2 64289
2 95363
2 4036
1 46901
1 16837
1 96023
2 67883
2 48779
1 29628
2 15986
1 79472
1 91404
1 75176
1 32615
1 95975
1 45600
2 30545
2 10808
2 58833
1 25612
2 87824
1 83403
2 49214
2 11762
2 74118
1 52704
2 76591
2 29397
1 43879
2 31786
2 7327
2 30824
1 95161
1 14535
2 81601
1 1506
2 12557
2 84257
2 23915
1 88620
2 88692
1 65697
2 89891
2 94003
2 45888
1 62536
2 55742
2 94559
1 71249
2 83417
2 29880
2 33993
2 92918
2 50106
1 16237
2 29799
1 49910
1 61528
1 41221
1 76421
2 76463
1 45757
2 25315
2 27823
1 51568
1 52159
2 82201
2 11375
2 66704
1 56232
1 86911
2 50519
2 84239
2 5153
2 21711
1 95494
2 11651
1 35658
2 29859
1 53974
2 1340
1 84481
1 98776
2 88256
1 56761
2 74439
2 78524
1 94492
2 37213
1 40506
2 54960
1 21566
1 5282
1 61200
1 20219
1 20814
2 77775
1 53533
2 205
2 74007
1 28128
2 38929
1 59862
1 85255
1 40470
2 57170
1 75949
1 9894
2 66914
1 97210
2 19424
2 60686
1 45025
2 40826
2 27153
2 95742
1 15703
2 12597
2 27694
1 75890
2 8741
1 17646
2 17462
1 78717
2 31448
2 93963
2 30207
1 97757
2 59145
2 48046
1 61260
2 80650
2 57193
2 93535
1 42461
2 59089
2 89088
2 75071
1 5673
1 27738
2 60511
1 89841
2 43560
1 87340
1 41752
2 95147
1 33218
2 62410
2 28373
2 44377
2 59864
2 43769
2 3281
2 93051
1 50267
1 63671
1 47840
1 51380
1 11700
1 46568
2 21672
1 13864
1 51561
2 60443
1 80304
2 82220
1 18425
2 76624
2 30014
1 89448
2 15737
2 67927
1 20965
2 46495
2 51878
2 32251
1 29198
1 6518
2 17224
2 23762
1 19773
2 60751
2 56571
1 59945
2 44022
2 25541
2 6994
1 55116
1 91617
2 67310
2 36624
1 35603
1 46886
1 61635
1 17925
1 87379
2 68076
1 5975
2 70130
1 14663
1 50826
1 88734
2 41837
1 60856
1 23746
1 912
2 81958
2 42793
1 85066
2 52077
1 65492
2 90784
1 83013
2 1579
2 22956
2 85707
2 72132
1 3225
2 9948
1 73599
1 15857
2 81048
2 13343
1 46766
2 24080
2 60192
2 73027
2 69827
2 94602
2 93970
2 98102
1 36474
1 8193
2 2524
2 89298
2 80160
2 30811
2 64259
2 35352
1 89967
2 76842
1 28358
1 2234
2 37851
1 26141
1 39769
2 95869
2 45971
2 68401
2 25119
2 97810
1 53809
1 95370
2 16860
1 25298
1 859
1 41020
1 45845
2 58850
1 1413
1 89584
2 67647
2 69810
1 51491
1 15854
2 94135
1 59916
1 36991
1 11267
1 41838
1 10335
1 26807
1 50603
1 62787
2 72723
1 75774
2 72902
1 61067
1 5358
1 37560
1 45104
1 43867
2 22722
1 39485
2 38505
2 1376
1 85963
2 96182
1 16282
2 78526
1 97047
2 76618
2 68323
1 28594
1 93567
2 10105
2 41304
2 80784
1 97966
1 97002
2 95791
1 57004
1 51583
2 39831
1 2903
2 58976
1 15215
1 69959
2 33894
1 96559
1 73117
1 76445
1 2496
1 98092
2 66462
1 85674
1 12654
1 11066
2 22137
2 70933
2 17251
1 21543
1 72812
1 80827
1 67129
2 91781
2 36912
2 43937
2 56149
1 71771
2 9664
2 4308
1 92665
1 64680
2 11786
1 39784
1 78479
1 20528
1 32327
2 95029
2 65933
1 32418
2 70537
2 38285
2 86989
2 77885
1 94070
2 67449
1 31816
1 86968
1 23783
2 29660
1 67384
2 81213
1 4897
2 83565
2 47554
1 17224
1 97083
1 94583
1 4492
1 50433
2 73089
1 28953
1 36036
1 74190
1 89168
1 25500
1 95460
2 9337
1 62466
2 30592
1 31912
1 19761
2 19915
1 39095
1 58573
2 4146
1 15736
2 24917
1 41338
2 69191
1 89453
2 42204
2 45919
2 76242
2 18313
2 81287
2 61126
2 60491
2 31286
1 92053
2 46920
2 19820
1 40975
2 30843
2 829
1 41161
1 47960
2 93533
1 64820
2 47926
2 8957
2 11208
1 83137
1 33407
2 79406
2 60601
2 83798
1 53736
2 18677
1 95537
2 96466
2 16473
2 44931
1 4030
1 27886
2 18514
1 35379
1 3514
1 15507
2 45428
1 77870
2 67117
1 25783
2 15280
2 51360
1 4706
2 47674
2 54064
1 99835
2 4501
2 7908
1 63711
1 70724
1 70204
2 44230
1 44710
2 59880
2 11288
2 77642
1 89035
2 40330
1 42133
1 8494
2 50376
2 25608
2 33808
2 50290
1 96101
1 10620
1 11285
1 38778
1 12358
2 23567
2 7575
1 87091
2 37316
1 34898
1 96682
2 35332
2 72656
1 49575
1 35171
1 37298
1 79700
1 57986
1 56905
2 72489
1 93899
1 80367
2 72801
2 88060
1 92988
2 20049
2 70949
2 45451
1 2155
2 94047
1 86614
1 91263
1 72598
2 46170
1 54721
1 74317
1 19926
2 29397
1 30736
1 85381
2 46592
1 86134
1 54145
2 8738
2 61023
2 22058
1 32049
1 29479
2 18587
1 49974
1 36783
1 92215
1 87874
1 94261
1 89570
2 57586
1 70455
2 98279
1 32725
2 79558
1 83113
1 47576
1 3361
1 93244
1 45182
1 64512
2 77232
1 67228
2 33036
2 88110
1 9457
1 9650
2 95819
2 96028
2 46481
2 71056
1 94477
2 10477
1 60589
1 30346
2 5711
1 51802
2 10372
2 80390
1 14705
2 45457
1 75456
1 81349
2 92641
1 7870
1 35221
1 58633
1 47666
2 38422
1 35413
2 41579
1 8246
2 26968
1 6872
2 62313
1 95168
2 65472
1 62189
2 76560
1 26163
2 88420
2 63954
2 94544
1 13430
1 69222
2 71181
2 55156
1 53478
2 98070
2 39207
2 90147
1 90906
2 66537
2 17350
2 52718
2 72595
2 33409
1 89457
2 95773
1 17522
1 79382
1 38952
1 7992
1 29099
1 26665
2 14716
1 35323
1 76071
2 19719
1 66364
1 67882
1 64241
2 48765
1 93291
2 96233
1 79414
2 42807
1 13802
2 31773
2 80476
1 39785
1 34321
2 30593
1 63362
2 77232
1 1527
2 83818
2 11690
1 27131
1 51
2 39532
2 75709
2 1824
1 64050
1 83467
1 77675
2 52501
2 73885
1 27438
1 76985
2 7355
1 6082
2 83344
2 34272
2 89848
2 32434
2 45784
1 22351
1 70690
1 64602
2 47639
2 17768
1 76067
2 20473
2 51442
1 7140
2 69545
1 61113
2 22768
2 93323
1 80516
2 43268
2 89173
1 87340
2 3005
1 88705
2 67872
1 87604
1 80801
2 61999
2 73431
1 40150
1 1040
2 10457
1 30657
2 3733
2 59142
1 10675
2 84468
2 85106
1 23074
2 13185
2 37198
1 99811
1 67677
2 45152
1 65376
1 11698
1 76627
2 21204
1 96860
2 74644
2 92442
2 20497
1 83896
2 56734
1 18431
1 40013
2 45447
1 20505
2 62430
2 21147
1 42661
1 22616
1 84827
2 74331
1 74481
1 74835
1 64727
2 55619
2 9067
1 14804
2 21254
2 96700
1 47666
2 30318
2 40699
1 97411
2 93245
2 40386
1 81623
1 28648
1 5938
2 19733
1 67681
2 67901
1 67617
1 31655
1 45597
2 73641
1 37838
2 95898
1 85429
2 65772
1 41062
1 96673
1 12260
1 24939
2 6623
2 11964
2 94374
1 4246
1 46546
1 7483
2 24992
1 89874
2 27043
2 30165
1 47028
2 99749
2 99860
2 47145
1 3110
2 27943
2 89714
2 62010
2 34546
1 2180
2 92493
2 83867
1 1558
2 89808
2 20913
1 10476
2 9198
1 32344
1 46695
1 71335
1 30870
2 1829
1 16907
1 89971
2 22581
2 57734
1 14073
1 59664
2 93229
1 35986
1 44686
2 70054
2 27463
1 77109
1 64920
1 7766
2 51477
1 58918
2 23986
2 93724
2 19152
1 7174
1 72030
2 71772
2 58069
1 21571
1 8648
1 25386
1 31331
2 75143
2 15564
2 77044
1 75575
2 29342
1 49342
1 43397
2 85086
2 33671
1 30724
2 16955
1 77691
1 20094
2 75308
1 16286
2 55241
1 65104
2 36848
1 5879
1 49032
2 40767
2 62327
1 74920
2 77065
1 57915
2 33096
1 59516
2 97345
1 77734
2 78648
2 96626
2 86756
1 58756
1 5719
1 50701
1 16544
2 52832
2 26609
1 88137
2 36545
2 83377
2 2369
2 58940
1 66134
2 38883
1 87198
1 75782
2 99809
2 80599
1 74682
1 83078
2 45623
1 81424
1 88409
2 15138
1 53381
1 40458
2 44894
1 70822
1 9328
2 68264
2 67131
1 8078
2 65423
2 52420
2 14144
2 43307
2 70868
2 92957
2 78712
1 9714
1 96264
2 40073
2 33065
1 33346
2 67240
1 48410
2 62639
1 91566
1 97464
1 94414
1 25069
1 62709
1 90087
2 44326
2 64900
2 56433
2 41957
2 93155
2 97319
2 43775
1 32614
1 14726
2 8452
1 95266
1 15618
2 62231
1 96699
1 83441
1 66154
1 48050
2 42711
1 11833
2 18249
2 17689
1 88909
2 45151
1 10750
2 30678
1 35650
2 78162
1 64452
1 64388
2 47960
1 62089
1 9367
2 61220
1 39918
2 17630
2 61681
2 2136
2 64270
1 18561
1 13544
2 2984
1 31245
2 95909
1 59532
2 10757
2 4549
1 14519
2 91206
2 80148
1 73203
2 22446
2 57793
2 30251
1 18711
1 17637
1 3742
2 85576
1 66601
1 86635
1 61533
1 59986
2 88122
2 612
1 12829
2 49556
2 29488
2 54590
1 21488
1 99973
2 22864
1 11223
1 15304
1 10307
1 94831
2 95343
1 21405
1 44713
1 69446
1 51413
2 70457
1 49706
1 85513
2 78534
1 90966
2 73474
2 84284
1 610
1 30012
1 41032
1 78932
2 59485
2 78480
2 59326
2 87569
2 10382
1 11862
2 38070
2 27695
1 92530
2 10226
2 65011
2 59186
2 59838
2 69089
2 53410
2 38636
1 69999
2 11878
1 38648
1 88191
2 70371
1 56411
2 77978
1 30481
2 19006
2 37947
2 37706
1 12332
2 57060
2 18124
2 55879
1 36265
1 32724
1 55116
2 35958
2 39534
1 3954
1 72134
2 2227
2 32101
1 92198
1 68896
2 90836
2 13401
2 93715
1 28417
1 57824
1 78854
1 36628
2 35878
2 25868
1 29976
1 46725
1 68909
1 15069
2 99120
1 95263
1 25922
1 40352
1 19784
1 21980
2 39494
1 36057
2 26969
1 6836
1 41118
1 20564
1 585
1 47662
2 50644
1 55552
1 12690
2 96865
2 74780
2 55202
1 36529
2 82649
1 87269
1 15037
1 94705
1 76064
2 85809
1 61037
1 83343
1 21514
1 45874
1 46368
1 80943
2 27935
2 54856
2 28853
2 83717
1 32878
1 15948
1 34771
2 55515
1 84857
2 44277
2 85667
2 84563
1 70176
2 11622
1 57676
1 57641
2 47232
1 7908
2 13192
2 77656
1 21391
2 40146
2 488
1 42133
1 76535
1 16230
1 89307
2 6643
2 52924
1 7116
1 64220
1 93597
1 34791
2 10806
2 1904
1 65881
2 23617
1 39097
2 69266
1 87717
2 29045
2 59240
2 11986
2 80736
2 31297
1 64017
1 1455
1 58968
1 53184
1 61609
2 14699
2 87650
2 75328
1 17912
2 6954
1 42865
1 17432
2 96276
2 17573
1 12652
2 98893
1 63000
2 87147
2 14407
1 86262
1 52780
1 681
2 19379
1 30661
1 66996
2 5350
2 80494
2 8288
2 89868
1 68716
2 99094
1 18161
2 2174
1 81796
1 26151
2 76652
2 60883
2 83215
1 34794
2 45898
2 54991
1 71806
2 95887
2 79771
1 32723
1 88926
1 25412
2 33663
2 16228
2 98230
2 99326
1 13644
2 4746
2 81028
1 22807
2 37023
1 75414
1 90417
2 79338
1 99990
2 22646
2 27440
2 83792
1 74767
1 36981
2 47885
1 88612
1 67186
2 75634
2 58918
2 87132
2 17207
2 35307
1 30897
2 36989
1 79185
2 36
2 88903
2 24986
2 94935
2 90230
2 8816
1 93272
2 67825
1 79705
1 48499
2 52964
1 40073
1 28117
2 11960
2 64543
2 43123
2 12029
1 32798
2 93046
2 70566
2 43508
2 31546
2 86567
1 23421
2 85362
2 60669
2 54660
1 92814
1 98272
1 13433
1 57000
2 28025
1 99770
1 69754
2 24213
2 3368
2 1932
1 76225
2 34784
2 29881
2 22188
1 5859
2 15442
2 21311
2 73389
1 65471
2 11691
1 73683
2 74120
2 64558
1 46513
1 40683
1 13891
1 40402
1 25188
1 56541
2 26228
2 7083
1 85694
2 98925
2 33992
1 49720
2 31426
2 87782
2 60644
1 55539
1 82453
1 73172
1 46276
2 41185
2 14635
1 66748
1 16564
1 20031
1 42056
1 74395
1 71727
1 39655
1 56448
1 52026
2 94130
2 93331
1 96929
1 9042
1 73090
2 37485
1 75115
2 51745
2 18765
2 95741
1 82742
1 63644
2 75360
2 22603
1 34252
1 64185
1 52702
2 19969
1 50137
1 4220
2 98253
2 99944
1 97124
1 86422
2 53561
1 57954
2 28362
1 90322
1 44825
2 2560
1 47693
2 63931
1 8452
1 41555
2 41763
2 1536
2 53941
1 99475
2 62072
1 6859
1 91665
2 6230
2 69588
2 91675
2 69140
1 36369
2 87767
1 7422
1 53427
1 12174
1 41586
1 86019
1 86448
2 38082
2 4257
1 1491
1 91384
2 22470
2 83596
1 76772
1 81993
1 5804
2 37532
2 62251
2 11418
1 16247
1 2196
2 87255
1 70683
2 78720
1 14043
2 56029
2 5110
1 46535
2 61494
1 35389
1 56993
1 27222
2 81168
1 18778
1 7875
2 71041
1 7430
1 28230
2 88673
2 23842
1 4476
1 61811
2 1831
2 56023
2 31933
2 32057
1 36217
2 96297
1 8319
1 30614
1 38383
2 81362
1 93580
2 95631
1 12102
1 51820
1 59227
2 70139
2 66005
1 66836
2 7068
1 14762
1 88019
2 48378
1 73184
1 67268
1 51262
2 20792
1 16647
1 50678
2 34295
1 49947
2 51117
2 5887
1 40100
1 17114
2 95650
1 75361
1 98062
1 45551
2 29825
2 46657
2 58350
1 32813
2 32424
1 53058
1 37764
2 645
2 71569
2 39770
1 35675
1 29752
2 54295
2 90295
1 13739
2 21452
1 90034
1 16229
2 52937
2 93709
2 26187
2 94927
2 22087
1 23407
1 16386
1 82104
2 74912
1 16480
1 87020
2 41599
2 49202
2 97784
2 22276
2 26689
1 99748
2 46695
1 15973
2 74053
2 84700
1 56140
1 66536
1 39155
1 11246
1 3383
1 83623
1 16518
1 51670
1 85207
2 24876
1 23211
1 283
1 14735
2 31187
1 53733
1 38076
1 20178
2 9119
1 42713
2 93218
2 68569
1 44975
2 35365
1 37224
1 31604
1 62471
1 90546
2 13248
1 99487
2 40085
1 62151
1 95083
1 78103
2 31566
1 7333
1 91857
1 59223
1 93478
1 42146
1 52240
1 63889
2 24634
1 58739
1 9883
2 88977
1 6501
1 32208
2 28206
2 77824
1 79004
2 36408
2 55190
2 43462
2 22839
2 83437
1 70450
1 76777
2 46676
2 17631
2 68272
2 25070
2 75727
1 1982
2 72377
1 54542
2 19339
1 78899
1 85611
1 75475
2 61115
2 24293
2 13951
2 4934
2 67791
1 10389
2 63137
1 18823
1 43787
1 49287
1 1365
2 35398
1 3543
1 97826
2 6933
1 23604
2 7315
2 42440
1 61932
1 13446
1 61804
2 11991
1 66393
2 81494
2 55218
1 89356
2 72182
2 62758
2 42519
1 39787
2 5815
2 10218
2 46496
2 10952
1 40322
2 7962
1 14907
1 87717
2 95830
2 97101
1 34839
1 87086
1 91206
2 41063
1 37517
2 89374
2 28123
2 32485
1 12868
2 31315
1 90589
2 75748
1 97218
2 99885
2 50293
2 11345
1 47705
1 25412
2 48501
1 64602
1 98278
2 63109
2 3608
2 19973
1 95257
1 87795
1 16749
1 87948
2 22448
1 29314
2 64442
2 47111
2 36474
2 1841
1 63646
2 33362
2 13388
2 42598
1 44267
2 42194
2 6008
1 23724
1 58207
1 32951
2 19749
2 16504
2 32900
1 48626
2 7023
1 14446
1 36937
2 10472
2 99476
1 73923
1 91497
2 67951
2 7840
1 61448
2 63893
1 93539
1 52326
2 8280
2 38648
2 36394
1 96704
1 23439
1 25334
1 6385
1 77397
2 6988
2 7087
1 92661
2 22406
1 20603
2 91120
2 71281
1 55268
1 36710
2 69101
1 38692
2 32197
2 21563
1 2484
2 28521
2 94934
1 9687
1 88062
1 27136
1 44221
2 60463
2 93854
2 4654
2 1723
1 68955
2 36349
1 32432
1 4087
1 72287
2 50847
1 77979
2 21488
2 3319
1 45224
1 12882
1 99267
1 95585
1 14743
1 63567
2 14447
2 65596
2 47646
2 98811
1 91125
1 71280
1 45124
1 4444
1 68574
2 27826
1 62547
2 83732
1 57729
1 23822
1 33592
1 87486
2 60307
2 91443
1 47833
1 82033
1 78882
1 87675
1 35958
1 99986
2 18487
1 49528
2 3478
1 59403
1 78778
1 2333
2 62302
1 83808
2 71628
1 78480
2 38270
1 20712
2 30545
2 44771
1 60511
1 24548
1 36440
1 5491
1 70724
2 43748
2 12722
2 34954
1 11030
2 1442
1 88748
1 29877
1 95085
1 60804
2 77887
1 40792
2 63407
2 10615
2 35740
1 54974
1 67081
2 41122
1 27094
2 2449
1 43411
2 94521
1 74136
1 58871
1 22985
2 89444
2 68306
2 28777
1 98284
1 45469
2 333
2 22207
2 37720
1 53096
2 84291
2 43170
1 85785
1 71115
2 88915
2 71289
1 3966
2 79438
2 76973
1 4027
1 83744
1 66650
1 87061
1 31685
2 56634
1 31383
1 66611
2 81737
1 76173
1 43718
1 9156
2 98595
2 6024
2 88694
1 82709
2 99943
2 64362
1 81357
1 9269
2 20672
2 99382
2 13317
2 12752
1 83953
1 36247
2 99977
1 47885
1 88688
1 65554
2 37057
1 70652
1 54902
2 36262
1 39896
2 93547
1 69263
2 83820
2 16308
1 77480
2 89599
2 47461
2 99080
1 62037
2 31456
2 95578
1 79844
1 16746
1 36398
2 85839
2 32964
1 60159
1 10002
2 84333
2 61636
1 67364
1 39698
2 92156
2 36387
2 6878
1 68790
2 44500
2 4289
2 4752
2 28336
2 46403
1 19976
1 49076
2 72754
1 46127
1 80102
1 93648
1 95493
1 36579
1 30732
1 36835
1 64474
1 40474
1 29850
1 13156
1 70655
2 68383
2 5734
2 64884
2 1964
2 39593
2 41952
2 69603
1 65170
1 13674
2 64875
1 43527
2 40170
2 89781
1 26296
2 86527
1 75972
1 61320
2 89456
1 59319
1 6759
1 64263
2 30538
1 98283
1 95073
2 3167
1 23196
2 67627
1 71515
1 51608
2 16328
2 53915
1 97607
1 56584
2 15571
1 52434
2 33197
2 63313
1 93238
1 62734
1 16891
1 1834
2 43987
1 12778
2 57516
1 7160
1 98216
1 27128
1 91037
1 55722
2 95950
2 19006
1 10344
2 51167
1 67425
2 82726
2 92996
1 11115
2 77411
2 90063
2 35664
1 18457
2 10803
2 65066
2 16985
1 70849
1 38911
1 20494
1 32964
1 71104
1 30561
2 81195
1 60930
2 45683
2 73089
2 85458
2 73317
2 42478
2 62360
2 81734
2 43818
2 33605
1 62040
1 4146
1 85563
1 56814
1 35338
1 43011
1 84953
2 84410
1 48609
2 99732
1 18208
1 95186
2 13005
1 51804
2 32064
2 84025
2 92476
2 64311
2 97908
2 85957
1 98780
1 29277
2 63322
2 74725
1 77356
2 62228
1 15158
1 77861
2 98912
2 77518
2 54500
1 28800
1 43752
1 67084
2 33636
2 75741
1 84457
1 6565
1 1430
1 20668
2 83062
1 31150
1 28002
2 59075
2 60515
1 78920
1 77145
2 19922
2 92982
1 41186
1 47801
1 63302
1 14001
2 87952
2 64043
1 20524
2 11747
1 6654
1 70072
2 83625
2 32801
1 86979
2 86160
1 65154
1 82217
1 91956
1 22113
1 93566
2 18004
1 67927
1 52513
1 17889
1 64687
1 6541
1 69920
2 82480
1 2325
1 52982
1 79253
2 87129
1 63971
1 89466
2 91210
2 90447
1 73335
1 223
1 14853
2 49843
1 78043
2 64547
2 74064
2 86401
1 34801
2 31894
2 85098
1 84955
2 854
1 10260
2 73343
1 71965
1 85408
2 62542
1 24290
2 41783
2 10430
1 20056
1 65947
1 58461
1 66356
1 68100
2 13321
1 34126
2 59088
1 43577
1 7732
1 96461
2 27553
2 50086
2 35836
2 35374
1 37757
1 87094
1 1398
2 43365
1 94382
1 36333
2 94711
1 16397
1 93230
2 21386
1 90465
2 47737
2 55341
2 14356
2 67881
2 46470
1 9609
2 74405
1 92103
2 95375
2 93615
2 99084
1 2768
1 94173
2 13387
1 22662
2 85273
1 23857
1 14967
2 52223
1 75123
2 69570
2 13337
2 89385
2 28734
1 32521
1 76563
2 39985
2 79483
2 113
2 87507
2 84001
1 31477
1 56032
2 67570
2 75368
2 14667
1 85522
1 48404
1 97548
2 58035
1 88341
2 23350
1 10970
1 41548
2 38271
2 98077
2 46333
2 82919
1 60772
2 31260
2 17968
2 96973
2 81279
2 8492
2 73989
1 59688
1 43009
2 57984
2 44879
2 79505
1 9571
1 17316
1 74860
2 30883
1 69804
1 30688
1 6332
2 84184
1 64932
1 51054
2 29128
2 86022
1 44563
1 49965
2 4735
2 12365
2 19142
2 90946
2 20675
1 77092
1 4739
2 66638
2 70801
2 94213
2 82995
2 98624
1 1917
2 92707
1 51435
1 66111
1 11764
1 80419
2 16681
2 80989
1 71136
2 65790
1 64369
1 86518
2 37535
2 55313
2 60358
1 50030
1 39416
1 90483
1 36985
2 56140
1 86469
1 70583
2 54373
2 58483
1 73273
1 21516
2 2312
1 10474
2 56579
1 36603
2 86786
2 36214
2 70935
2 22423
2 60844
2 51076
2 35382
1 88720
1 37059
1 42724
2 39252
1 6057
2 53643
2 84675
2 54677
1 89199
1 28665
1 70560
2 23959
2 61262
2 69285
2 47415
1 33618
1 21309
2 9522
1 79190
2 63902
1 91191
1 55748
2 58666
1 69113
1 60108
1 65187
2 50900
1 4726
2 7472
2 36625
2 50376
1 44767
1 85705
1 16233
1 87197
1 5360
1 38039
2 62603
2 92585
2 83865
1 68092
1 86737
1 40030
2 96546
2 97791
1 23509
1 98647
2 1862
1 49549
1 42786
1 61374
2 7158
2 56900
1 60196
1 21478
1 10941
1 78419
2 62435
2 67036
2 8153
2 62631
2 91034
2 11049
1 35818
2 61952
1 59590
1 87991
2 96676
2 61732
1 27464
1 34373
1 62204
1 222
2 25257
1 33303
1 85771
1 72848
1 29604
1 48251
1 59973
2 20488
1 16912
2 42393
1 7511
1 25910
1 36406
1 96354
1 75305
2 39316
2 83248
1 47843
2 68003
1 16852
2 94213
2 43805
2 30780
1 31708
1 99488
1 32325
2 43858
2 79200
2 191
1 82379
1 90369
1 2887
1 30432
2 39567
2 68193
2 15059
1 13576
1 8178
2 63703
2 36381
1 85951
2 23100
2 15605
1 52548
1 38948
2 83911
2 82200
1 84550
1 76538
2 17265
1 33535
2 2769
1 48416
2 84723
1 79166
2 74074
1 63599
1 49513
2 64734
2 4330
1 57920
2 36571
1 12798
1 7267
2 57439
1 87198
1 55495
2 12811
1 91134
1 36233
1 95511
2 73003
1 73646
1 38536
2 34344
1 75363
2 32967
2 88327
1 83218
1 10778
1 23977
1 96910
1 33165
2 9265
1 19415
2 2400
1 33465
2 21132
1 6549
1 10289
1 80527
1 20988
2 46149
1 3173
1 26203
2 64258
2 68173
1 70166
1 94843
2 8429
2 26345
2 27245
1 39451
1 5998
1 91169
1 86178
2 49032
2 90410
1 84057
2 92928
1 80531
2 25119
2 90098
1 45817
2 88886
1 31632
1 87057
2 38052
2 77768
1 29546
1 67997
1 60087
2 30734
2 82590
2 87915
1 27632
1 74250
1 6508
2 14258
2 88473
1 38840
2 39708
1 44381
2 26842
1 40604
2 12066
1 80726
2 25193
2 8157
1 42183
1 16823
1 77867
1 65025
1 22073
2 22756
1 14536
1 56681
2 58820
2 47665
1 56231
2 42222
2 68711
2 6818
1 44605
2 59460
2 35675
1 37414
1 79070
2 69960
2 68650
1 86233
1 67012
2 30535
2 56440
2 90617
1 43174
1 10476
1 99872
1 26807
2 32117
2 27660
2 24955
2 40163
1 22561
2 69744
2 7388
1 28128
2 96364
2 59646
1 30672
2 53789
1 3580
2 24295
2 9012
1 1302
1 22576
1 99791
2 99507
2 51311
1 78953
2 79626
1 81790
1 24821
1 94811
1 55290
2 7508
2 87112
2 74834
2 78173
2 82940
1 62839
1 51230
2 10504
2 63988
1 99986
2 88042
1 85653
2 59599
1 43744
1 67214
2 66557
1 74160
1 88619
1 67574
1 40411
2 65168
1 97181
2 17235
2 27035
1 71439
1 64771
2 14819
2 26974
1 85267
2 87275
2 5381
2 99288
2 6057
2 18853
2 85136
1 82421
1 42233
2 70836
2 17968
2 53356
1 94345
1 84335
1 80019
2 54016
1 173
2 41266
1 10771
1 74258
1 80618
1 85192
2 77057
2 47993
2 14215
1 75469
2 42480
2 88794
2 3705
1 41373
2 70834
1 19204
2 3939
2 87793
1 61834
1 26476
1 74315
1 46866
2 51219
1 27984
2 99312
1 49405
1 74097
1 29109
1 89708
2 46114
2 28400
2 51216
1 70630
1 99901
2 34636
2 30887
1 39385
1 61771
2 24485
1 49310
2 57690
1 21594
1 88849
2 22429
2 55375
1 68784
1 64542
2 15247
2 93140
2 12495
1 1813
2 67834
2 50073
2 23828
2 44047
2 45297
2 25054
1 89272
2 86187
2 34649
1 72860
2 94742
2 82741
2 30115
1 7536
2 38496
2 11750
2 49108
1 65856
1 90244
1 78327
2 51350
2 5945
1 86182
1 86850
2 61725
2 23576
1 8682
1 98286
2 61905
2 83951
2 86402
1 94198
2 93726
2 81425
2 92401
2 76269
1 88353
2 11094
2 32544
1 26181
1 95575
1 77666
2 7531
2 18808
2 4695
2 6187
1 85615
2 78401
2 76156
1 99613
2 14617
2 96084
2 89399
2 87472
1 42885
1 80028
2 53657
1 59089
2 62050
2 90169
1 78139
1 36966
1 36750
2 63271
2 74834
1 69282
1 92270
2 77192
2 47202
1 10023
1 237
1 98736
2 63539
1 71023
2 67786
2 8328
2 35919
1 98035
2 37073
1 50277
1 30301
1 38304
2 79369
1 98432
2 22832
1 80493
1 8415
1 80995
2 24556
2 3822
1 39323
2 58822
1 59429
2 44416
1 53457
2 41
1 62643
1 87231
2 61270
1 46414
2 74448
1 6453
2 51043
1 96927
2 18633
2 429
2 62436
1 63237
1 77592
2 54158
1 2362
1 62844
1 41633
1 64868
2 37740
1 42631
1 94536
2 42207
1 74400
1 6841
2 10253
2 92478
1 65097
2 82519
2 6900
2 22738
2 74894
2 22401
2 91209
1 40656
1 42131
1 80086
2 14839
2 78410
2 76158
1 85970
1 83336
1 53727
2 78282
2 98544
1 4407
2 31006
1 51640
1 66168
1 7251
2 99412
1 21124
2 87646
2 32593
1 76589
1 83971
1 46255
1 3619
2 22043
1 33516
2 45215
2 32693
1 944
1 64233
2 40266
2 62042
2 83690
2 15257
1 48682
2 79506
1 65243
1 14502
1 17278
2 31803
2 65128
1 48232
2 29473
2 91840
2 84066
1 84050
2 11397
1 76169
1 65345
1 18480
2 84644
1 1977
2 99172
1 2464
1 1244
1 90078
2 30596
2 37201
1 19662
2 48433
2 14188
2 81330
2 53236
2 68839
1 89746
2 19817
2 76324
2 38195
2 13155
1 91963
2 81457
2 58480
2 36949
2 12534
2 55781
1 89470
1 81569
2 91999
2 23543
1 76351
1 87529
2 59250
2 92697
2 54490
2 68746
1 8922
1 63552
1 76505
1 23488
1 59855
2 81323
2 89204
2 22484
2 28896
1 25905
2 16726
1 8203
2 98312
2 17279
2 46844
2 74930
1 39846
1 50477
2 12369
2 85050
2 5511
1 41847
2 8131
1 14910
1 84230
1 37623
2 2990
1 73665
1 51949
1 42256
2 30269
2 80624
1 41169
2 61256
2 19974
2 32831
2 2678
2 59973
2 31068
2 66899
1 59809
2 72457
1 74225
2 31359
2 26329
1 17234
2 25616
2 43604
2 29290
1 79203
1 62055
1 25166
2 23409
2 64161
2 93486
1 68699
2 1774
1 31305
1 76568
2 68765
1 73438
2 32387
1 35523
2 44051
2 24759
2 52982
1 63620
2 97010
1 92327
1 1771
2 77910
1 24243
2 19902
2 6218
2 83559
2 77579
2 8302
1 65999
2 14733
2 81241
1 66920
1 63016
2 64413
1 87200
1 1210
1 76689
1 45649
1 16407
2 69113
1 25067
2 5386
2 48637
1 87346
1 45299
1 96236
1 2958
2 10132
1 20294
1 80759
2 47420
2 84289
1 94345
2 6895
2 45271
2 41513
2 47467
2 66487
1 96378
1 23390
2 38000
2 18196
1 86512
2 5750
2 57964
1 68417
1 27291
2 80882
2 47484
1 68385
1 68335
2 59944
1 72805
2 3305
2 60820
1 4936
2 36184
1 59873
1 94180
1 97227
1 40286
1 89189
2 55653
2 74932
1 70043
2 48942
1 60810
1 11210
2 24011
1 5850
2 78200
1 81078
1 22100
2 41349
2 93818
2 33836
1 52513
1 61117
2 58093
2 34640
2 9077
2 60060
1 19757
1 3961
2 13844
1 78861
1 10390
1 44147
1 65047
1 27390
1 34431
1 33046
2 10664
1 11426
2 46477
1 51039
1 18662
2 9998
1 62779
1 93395
2 57882
2 13352
2 34395
1 67847
1 14848
1 68845
1 75753
2 28942
2 9067
2 24474
2 17024
1 57833
1 49289
2 84568
2 60373
2 54453
1 62056
2 25144
1 50796
1 39714
2 97251
2 67740
2 77229
1 26027
2 68113
1 88756
2 22320
1 69918
1 15123
1 78439
2 141
1 1995
1 37913
2 31197
1 37725
2 3307
2 56906
1 89428
2 18952
1 58596
1 3752
2 97443
2 65649
2 91902
2 53745
2 72882
2 45719
2 89391
1 68082
2 93080
2 59466
1 34647
1 13552
1 57364
1 86443
1 95911
2 32437
1 99880
1 57714
1 89753
2 76779
2 80381
2 64380
2 32361
2 69590
2 24758
1 20589
1 25320
2 44644
1 33991
2 52388
2 34617
2 68859
1 67398
2 60002
2 60608
2 30933
1 71858
1 33503
1 15063
2 16151
2 52981
2 83452
2 95080
1 47167
1 46720
1 60335
1 63098
2 77165
1 23883
1 68547
1 46015
1 56959
1 15755
2 61189
1 34880
1 68542
1 36060
2 45078
1 58969
1 51202
2 92443
2 91482
2 94729
2 42818
2 79851
2 10791
1 57859
1 79018
1 73138
1 47067
1 69616
2 20335
2 38882
2 73329
1 73347
1 28408
2 80784
1 34137
2 86507
2 22269
1 24964
1 78367
2 91451
2 21335
2 28304
2 26085
2 15380
2 35545
1 3156
2 7876
2 61883
1 76226
2 10519
1 3733
2 29799
1 2679
2 86749
2 86544
2 81892
2 41826
1 10275
1 29587
1 65870
2 39668
2 79250
1 4880
1 19222
2 82196
2 97004
1 58418
1 53986
1 1982
2 33893
2 66354
1 52567
1 72160
2 78685
1 80704
1 59535
2 10170
2 41491
2 96739
1 7252
2 95669
1 41522
2 92003
2 11812
2 39656
2 47340
2 93978
1 34566
2 85329
1 67218
2 59484
2 91392
1 90191
2 88835
1 14994
2 32448
2 84738
2 82448
2 10782
2 69348
1 86158
2 88560
2 69407
2 8962
2 42986
2 70331
1 47568
1 90124
1 94918
1 90915
1 84000
2 28409
1 69846
2 57000
2 54062
2 79360
2 6355
2 91405
1 70916
1 78816
2 75896
2 312
1 18950
2 56834
1 84962
2 95626
1 40453
2 22375
1 11818
2 24566
1 16514
1 98398
1 52601
2 94180
1 53
1 37273
1 24712
2 61466
2 23121
1 75785
2 81634
2 13810
2 58614
1 94084
1 36343
1 172
1 73380
1 42252
2 44181
2 37328
2 25202
1 64740
2 76450
2 38061
1 30026
1 56993
2 44344
2 49469
1 95641
2 31701
2 17895
1 60427
2 40640
2 53892
1 45731
2 66014
2 19873
1 44839
2 15203
1 10442
2 82611
1 506
2 71195
2 45310
1 34535
2 78950
2 53461
1 50806
1 17644
2 48939
1 38928
2 44149
2 23101
1 60733
1 58889
2 67992
1 13969
1 61313
2 22785
2 42881
2 44335
2 83421
1 94287
2 28740
1 5272
2 29797
1 194
1 60570
2 7128
1 53138
2 52882
2 90858
1 95161
2 8198
2 51972
1 81350
1 10800
1 9131
1 26818
2 57962
2 4891
2 84350
2 82633
2 21782
2 34607
1 97543
2 74146
1 61412
1 3417
1 48736
2 11841
2 60128
1 21587
2 44745
1 94843
1 4000
2 54774
2 72001
2 23343
1 61458
2 30359
1 71725
2 78552
2 45920
1 52738
2 86186
1 52384
1 49276
1 75811
2 39707
2 33015
2 32627
2 97163
1 1194
1 66318
1 69971
1 23069
1 83114
2 61921
1 23839
1 97405
2 54743
1 37912
1 20663
1 78738
2 62375
2 47859
1 18977
1 99002
2 93931
1 12817
1 62810
2 37489
1 50747
2 96828
2 85737
1 42808
1 54675
2 57509
2 42490
2 74989
2 8219
2 82708
2 44916
2 53593
2 87473
1 70191
2 92215
1 69376
1 67112
2 69563
1 65278
2 87525
2 64971
1 7666
1 88537
1 79855
2 36967
2 27724
1 61819
1 27620
1 76165
2 16747
2 97614
1 49358
2 52782
2 26071
1 87563
1 79156
1 26483
1 84314
2 57560
1 46753
1 81021
2 38698
2 8420
1 91679
1 48472
2 68518
1 44194
2 71163
2 72135
2 5766
2 20500
1 9777
2 10315
2 84160
2 87068
2 64137
1 93638
1 89785
1 23213
1 66955
1 4126
2 10344
2 21808
1 2824
2 21982
2 18021
2 58927
1 82440
2 73512
2 15830
2 38102
1 58290
2 10390
1 2487
2 6950
1 3220
1 47331
1 9849
1 13356
2 34612
2 78298
1 52387
2 62171
1 83061
2 18783
2 52300
2 80460
1 99299
1 33831
1 65582
1 50620
2 14516
2 24564
2 74216
1 239
2 77487
1 52900
1 66935
1 26181
2 68634
1 36122
2 63274
1 23837
2 12839
2 31740
2 83428
2 76418
1 50845
2 75187
1 16205
1 66585
2 45233
2 17381
2 44678
2 97271
1 60914
1 71834
2 63729
1 16499
2 18083
1 93150
1 69625
1 42354
2 30652
2 54085
2 4568
1 42536
1 52607
2 41385
1 66112
1 23428
2 36639
2 40818
2 38103
2 76771
2 95228
2 92318
1 58851
1 10454
1 50242
1 56698
1 36650
2 21334
2 49979
2 90003
1 34784
1 7611
1 27183
2 64809
1 4502
1 419
2 10058
1 56916
2 61964
2 58938
2 77747
2 45884
2 64087
2 68089
2 76445
2 18976
1 55276
1 42458
1 85333
1 49879
2 60092
2 27308
2 90731
1 28117
2 71086
1 72784
1 35669
1 65077
1 67001
2 34814
2 32682
1 8855
1 99653
1 58101
1 96215
1 46193
1 24086
2 804
1 21221
1 80107
1 72312
1 15664
1 82631
1 47905
1 70063
2 73710
1 772
2 98946
2 89399
1 99538
1 84746
2 42545
1 44653
2 11162
1 53532
2 52186
2 81842
2 40492
1 47582
1 62844
2 88273
2 82896
2 64620
1 72954
2 35689
1 99640
1 12089
1 48273
1 27337
2 11398
1 80489
2 87305
1 14665
1 87446
2 71363
1 69478
2 64358
1 96950
2 92495
1 64570
2 33450
1 72738
1 7575
1 53208
1 3101
1 83157
1 65649
1 964
1 28702
2 58295
2 10076
1 90717
1 37216
1 62502
2 2231
1 37468
2 20064
1 11762
1 38422
2 6272
2 8466
1 77142
1 94271
2 36818
2 57864
1 99431
1 19862
1 2446
1 83270
1 72716
1 66953
2 96364
2 65071
1 50311
2 12262
1 16649
2 11688
1 59048
2 45416
2 11214
1 52158
1 25771
2 14790
1 5902
2 16392
1 53080
1 17158
1 60126
1 48257
1 76725
1 32681
1 82248
2 59145
2 11131
1 69265
1 99123
1 7871
2 96510
1 62366
2 58033
1 3027
1 17238
2 83801
1 84587
1 17312
2 36836
1 88921
2 48032
2 34481
1 5147
2 7808
2 23152
2 6011
1 20900
1 29442
2 56434
1 49293
2 14670
2 79159
2 72094
1 44460
1 24758
1 12328
2 31184
2 32318
1 80175
2 69098
2 52834
2 45339
1 62602
1 35112
1 54755
1 95530
1 53883
2 98377
2 57512
2 6587
2 88026
1 29631
1 14533
2 34447
1 48416
1 35217
1 63297
1 9282
2 80581
2 69640
2 94325
2 14885
2 9954
2 55076
1 99486
2 14140
2 88790
2 73283
1 24447
1 71116
2 1738
1 18423
1 46059
1 43904
2 74661
2 77475
1 85245
2 22524
1 10985
2 49498
1 47116
1 12163
2 73028
1 91104
2 50145
2 77499
1 43826
2 78393
2 56500
1 98077
2 84782
1 60362
1 16396
2 26715
2 56933
1 32404
2 5597
2 63549
1 2043
1 87433
2 22901
1 83900
1 83977
1 90801
2 2317
2 58447
1 7741
1 84180
1 98399
1 94119
1 5340
2 50608
2 45440
2 17185
2 56102
2 39445
1 72762
1 88658
2 83254
2 18304
1 80755
1 65625
2 58687
1 79171
2 23321
2 22763
1 30118
1 20704
2 9644
1 35334
2 210
1 31272
1 12333
1 39373
1 69494
2 17678
1 29463
1 82883
2 33155
1 22404
2 24457
2 31656
2 88953
1 93459
2 61535
1 51149
1 43081
2 20395
2 2401
1 77632
2 56273
2 50682
1 12667
1 69
1 14133
1 90377
2 66921
1 87066
2 64103
2 29325
2 30652
1 76705
2 59819
1 97205
1 19150
1 13088
1 94593
2 9300
1 19529
2 93030
1 47834
2 14408
1 60213
2 8947
1 9602
2 10034
1 89714
2 35891
2 86549
2 96618
1 10024
1 44137
2 93546
1 32516
1 70546
1 25197
2 10980
1 46690
1 549
2 64292
1 87347
2 46741
2 30008
1 65188
2 20928
2 50547
2 98112
2 66496
2 98645
2 92673
2 91091
1 72292
2 11633
2 6900
2 80938
2 68203
2 53228
2 34585
2 1200
1 28981
2 26834
1 75349
1 44106
2 86500
1 34769
1 96004
2 86063
2 74846
2 13617
2 20029
1 40674
2 88080
2 42895
2 33735
2 12403
2 4170
2 63206
1 57925
1 74699
2 96533
2 92661
1 15989
1 17684
1 79709
2 49519
1 44733
2 65231
1 12535
2 51859
2 90244
2 98351
2 5662
1 31507
1 28949
2 59774
2 90302
1 48651
1 68430
2 85270
2 7524
1 80119
2 95278
1 41419
2 46535
2 73613
2 90894
1 99626
2 65295
2 38864
2 51592
2 33780
2 37460
2 74276
2 69533
2 93732
1 22730
1 6947
2 11080
2 27338
2 3222
2 93934
2 62027
1 67983
2 77916
1 4934
2 95703
2 89524
2 13136
2 45322
2 13705
2 18294
2 53677
2 14475
2 75276
1 80612
1 76231
1 48016
1 21100
1 56681
1 20196
2 28424
2 90426
1 46382
2 3399
1 43860
2 12801
2 8712
1 19680
2 86080
1 80963
2 53667
2 97509
1 72056
2 90643
1 34397
1 62655
2 1928
1 15061
2 59094
1 56921
1 10474
1 99875
2 38436
2 20484
2 5852
1 47994
1 34872
2 37029
2 60394
1 88914
2 49003
2 12970
2 80453
2 66015
1 66810
2 57281
2 57414
1 68013
2 78722
1 67319
1 39838
1 51483
2 55245
1 86779
1 48416
2 85619
1 6561
1 40878
2 80024
1 93092
2 17207
1 45479
1 62290
2 49155
2 1979
1 12386
2 99402
2 21086
1 19975
2 7206
2 75663
1 40415
2 98730
2 68501
2 65094
1 61750
2 38627
1 13721
2 48104
2 75453
1 15483
1 22789
1 99793
2 16622
2 56295
1 83788
2 92951
1 592
1 75335
1 93062
1 49566
1 43665
1 5889
2 5752
1 93925
1 55160
2 84084
1 96958
1 52935
2 72504
2 46991
1 22732
2 19417
2 92145
1 35488
2 74675
2 71645
1 71228
2 52047
1 85820
2 41227
2 422
2 43945
1 13312
1 83981
1 81852
2 55222
2 84677
1 76929
2 21129
2 68488
1 93449
2 9694
1 43909
2 1073
2 55796
2 75792
2 41746
2 93521
2 70608
1 39152
1 59790
1 65058
2 56240
1 78545
2 72615
1 12499
2 53575
2 48121
1 43259
1 13822
1 58561
2 28809
2 70120
1 43183
2 2319
1 55121
1 95738
2 87508
2 62477
2 7208
2 19624
1 93855
2 26657
2 81121
1 154
2 31545
1 39998
2 24422
1 12523
1 79231
1 8034
2 56240
2 59193
2 52246
1 42533
1 61025
1 75653
1 97993
1 8328
1 18997
1 48019
1 4068
1 2908
2 92761
2 67750
2 52169
2 14445
2 48979
2 70011
2 42829
1 580
1 63728
1 36909
1 87371
2 83708
2 79106
1 21969
2 84334
2 35781
1 25609
1 29173
1 18475
2 68475
1 47164
1 7642
1 83247
2 550
2 90334
1 27927
1 79689
1 62467
1 38923
2 43814
1 11188
1 82825
2 37988
1 13365
2 85565
2 5134
2 24705
1 19408
2 67506
1 68473
2 15535
1 82903
2 32048
1 16210
1 14251
2 971
1 23490
1 10691
2 6627
1 87602
2 20564
1 64569
2 43090
1 32503
2 43824
1 81139
2 18179
1 92748
1 18948
2 61962
1 96350
1 63698
1 54416
2 72132
2 16163
1 71416
2 49006
1 17316
1 42987
2 93197
1 20906
1 32245
2 55930
2 57629
1 76858
1 47456
1 91585
1 21698
1 29824
2 698
1 93128
2 62188
2 9209
2 43846
2 87983
2 9509
1 50345
1 37036
2 95750
2 64972
2 10203
1 12432
1 78844
1 23420
1 58624
1 11196
2 20912
1 12176
1 66210
1 53795
1 60648
1 51076
1 16545
1 17313
2 58018
2 87750
2 69637
1 72593
1 16613
1 81042
2 76562
1 3690
1 47977
2 31581
1 82412
2 20932
1 34548
2 35887
1 51945
1 86597
1 47496
1 80814
2 2464
1 46891
2 40940
1 1788
2 15440
2 88679
1 26721
2 90522
2 52902
1 96175
1 6930
2 23969
2 65515
2 24864
1 4536
2 40933
1 18212
2 17863
2 95056
2 72144
1 69939
2 38160
2 1115
2 57422
1 72513
2 88882
2 89013
2 10495
1 25418
1 90549
1 92622
2 28695
2 7366
2 98387
2 86686
2 82166
1 64519
2 71268
1 56479
1 2814
1 61442
1 17856
1 39700
1 76050
1 71737
2 96899
1 33739
2 85482
2 72571
1 32047
1 48939
2 54557
2 67337
1 45444
1 54226
1 10083
2 29645
1 52658
2 10623
1 41852
1 43666
1 99832
1 497
2 63076
1 44667
2 46165
1 6645
1 48667
1 10345
1 19151
2 28497
1 54445
2 57969
1 64326
1 58815
1 98984
2 22115
1 99973
1 21432
1 10287
2 44480
2 95594
2 90561
1 89564
1 34660
2 25598
2 7940
2 19607
1 12053
1 32204
2 56982
2 90617
1 70128
1 47011
2 22822
2 18515
2 60084
2 7398
1 17511
1 51357
2 56815
2 63794
1 52952
2 87226
2 12221
2 62217
2 37018
1 2160
1 98013
1 78939
2 23203
1 96787
2 53207
2 89396
2 5245
2 1094
1 23520
1 66778
1 16157
1 2217
1 73968
1 24843
1 76567
2 22517
2 14151
1 8643
2 14862
2 57093
1 21029
1 72237
2 31332
2 10214
2 16144
1 87265
2 16623
1 93700
1 70954
1 93265
2 79488
2 12205
2 20622
2 2452
2 77293
1 32388
2 95486
1 35691
1 26473
1 66664
2 24388
2 95262
2 40343
1 84475
1 51090
1 28351
1 20151
2 24447
1 88668
1 41580
2 74759
2 78590
1 27213
2 21383
1 26629
1 92708
2 10273
1 65766
2 33887
1 92229
1 75517
2 18625
1 44545
2 72487
2 11245
2 17375
2 48639
1 39739
1 81888
2 2845
2 12033
1 20458
2 49082
1 91239
1 26960
1 77429
2 83372
2 14445
1 55818
2 38456
2 41382
1 69788
1 12557
1 44016
2 31274
2 15745
2 73432
2 77957
1 95780
1 12105
1 95083
1 3192
1 91827
2 79042
2 42346
2 85676
2 22196
2 7913
1 95352
2 68435
2 59848
1 14448
2 57893
2 85011
2 45197
2 4681
1 62965
1 17868
1 4833
2 90098
2 19773
2 55188
2 99726
1 5352
1 96233
1 9702
2 51313
2 17420
1 76456
1 96564
1 73677
2 64465
2 90876
2 36644
2 58911
2 40359
2 51114
1 79667
2 40365
2 3538
1 14088
2 92494
2 8087
1 34243
1 8094
1 52909
2 45776
1 60928
1 56359
2 28374
1 78028
2 15814
2 10871
2 76075
2 37722
1 85122
2 60562
1 96181
1 15195
2 91415
2 53927
2 76261
2 61020
1 28930
2 54780
2 57563
1 93540
1 7976
1 23546
1 9541
2 15720
2 18010
2 56791
1 52657
2 46471
1 82891
1 53030
2 49085
2 19925
2 26280
2 15355
2 79924
1 30784
2 98227
1 99083
2 43355
1 57686
2 47041
2 9642
1 6346
2 27379
2 50674
2 20622
1 31173
2 34155
2 36784
2 7760
1 6673
1 46649
2 93716
2 65857
2 97238
2 83339
2 83767
2 25120
1 54579
1 4082
1 38687
1 49245
2 47633
1 53819
2 25631
1 93450
1 84654
1 31612
2 33175
2 14827
1 95452
2 79971
2 95184
1 70020
2 26235
2 98793
1 14422
1 52531
1 8794
1 40347
2 20
1 76309
2 82265
2 48859
2 32574
1 23535
1 87749
2 35645
2 31211
2 64155
2 73728
1 51430
2 83843
2 73060
2 18405
2 28589
1 85549
2 37777
2 85344
1 92101
1 78320
2 24164
2 93389
2 403
2 22694
2 94728
2 34332
2 84455
2 18528
2 15810
1 73997
2 84278
2 34365
1 19396
1 2668
1 78091
1 68874
1 9061
1 97705
1 66266
2 86550
2 22948
1 5847
2 98016
1 62286
1 32209
2 10547
2 83536
2 74792
1 55473
2 92173
1 18815
2 43412
1 97698
1 97189
2 90094
1 73968
1 22447
2 8165
2 85470
2 30757
2 58886
2 36057
1 86200
1 76863
2 72438
1 19919
1 89717
1 2924
2 23882
2 52788
1 76107
1 90855
1 42168
1 56653
2 91390
1 68534
1 27832
2 66337
1 17127
2 88150
1 4757
1 12589
1 53619
2 75127
1 89835
2 27715
2 83676
2 85235
2 97925
2 17039
1 78904
1 55142
1 15145
2 60776
2 58035
2 89322
1 82357
2 22727
2 87807
2 13768
2 85553
2 36968
2 98979
2 72494
1 33734
2 25250
2 58337
1 55948
2 68111
1 37108
2 98099
1 32003
1 91799
1 3759
2 49811
2 37823
1 10942
1 57758
2 54158
2 36139
2 40516
2 73115
1 68270
2 53559
2 79781
2 88070
2 13159
2 88409
2 95258
2 90195
2 8055
1 93476
2 72494
2 93836
2 64189
1 9185
2 80864
1 26536
1 98575
1 503
1 26223
2 7380
2 41648
1 45458
1 80455
1 68272
1 87248
1 49004
1 77122
2 45243
1 91266
2 80448
2 9952
2 23392
1 35713
1 73380
1 95227
2 35083
2 46061
2 54718
2 39904
1 26455
2 88521
1 73144
1 89404
1 66487
2 79545
2 34442
2 2017
2 70263
1 45170
2 68320
2 50227
1 76573
2 66861
1 507
1 91944
1 90382
2 11758
2 35515
2 29973
2 58362
1 72092
1 66529
1 21783
2 40744
1 24177
1 16346
2 34034
1 21503
2 78523
2 11922
1 59964
2 14490
2 38927
2 81560
2 79258
2 45055
2 28912
1 63240
2 44427
1 13408
2 70139
1 73391
1 77400
2 53931
2 14587
1 60660
1 38065
1 99551
2 18006
1 75175
1 93177
2 43139
2 27638
1 54870
2 68167
1 12813
2 29160
1 17311
1 88674
1 61210
2 97962
2 96189
2 1951
1 14493
2 76909
1 63766
1 31870
1 8435
1 96079
1 64785
2 69993
2 91570
1 85895
2 7243
2 14558
2 89211
1 17577
1 54470
1 82315
1 2669
1 399
1 68510
1 29392
1 35883
1 11526
2 43184
1 23726
1 4579
2 53512
2 28930
1 67419
1 43581
2 37082
2 24337
1 5771
1 67731
1 31024
1 25279
2 31944
1 68107
2 49976
1 48960
1 98123
2 81118
2 23198
2 61092
1 94627
2 62574
1 3324
1 55220
1 96120
2 42212
1 68384
2 98887
1 87528
2 20813
1 47826
1 58491
1 88811
2 43161
1 56709
2 633
1 18374
1 70731
2 82040
2 78504
1 89943
2 10429
2 80304
2 85896
2 83888
1 43936
2 81496
1 50168
1 16299
2 92712
2 90389
2 72794
2 21612
2 53474
2 46538
2 4284
2 80361
2 66465
1 48588
1 90304
1 59528
2 39729
1 71255
2 75111
2 61750
1 78550
2 98088
1 55544
1 27827
2 72089
1 3138
2 26866
2 6323
2 81870
1 89778
1 983
2 46323
2 1131
1 65494
2 60955
2 87766
1 85189
2 91273
2 73307
2 43751
2 17831
1 21886
1 60362
1 93138
2 70098
1 70230
2 86357
2 2348
2 11910
1 42919
2 31551
1 47945
1 80591
2 2580
1 17579
1 61925
2 16343
2 49187
1 78683
1 86667
1 14478
2 24600
1 84936
1 48553
1 2742
2 50348
2 31682
1 78228
1 99358
1 19481
2 54922
2 56226
2 89787
2 79231
1 41875
1 11511
2 31927
2 9661
2 63860
2 83679
1 42903
2 48225
1 90431
2 26523
1 13018
2 26852
1 88460
2 32894
1 54212
1 32579
1 93294
2 13658
2 52746
2 97316
2 15369
2 255
2 47222
2 30780
2 15344
1 99008
1 51154
2 84431
2 49132
1 63867
2 97098
1 10756
1 76712
1 38830
1 14371
2 87765
1 59940
2 55619
2 86214
1 44875
2 5867
2 40398
1 48462
1 67548
1 72187
1 12203
2 96644
1 32835
1 91665
2 31501
2 36899
1 76633
2 36126
1 3458
2 6650
2 71027
1 82934
2 7101
1 64330
1 27834
1 89759
2 7665
1 92819
1 41797
1 65707
2 31898
2 56544
1 30504
1 43140
1 23244
2 54435
1 63118
2 89520
2 6090
1 28306
1 11103
1 29167
2 30190
1 11165
2 15855
2 11075
1 747
1 47039
2 18518
2 96119
1 74879
2 77682
1 5144
1 53229
2 38311
2 36770
1 68219
1 93812
1 71955
1 384
1 83336
1 55477
1 69725
2 55806
2 12879
2 38120
2 7357
2 16120
1 56925
1 84554
1 65814
2 5308
1 84115
2 45541
1 24401
2 71091
1 97607
1 66001
1 73011
1 38114
2 84828
1 20479
1 44735
2 93882
2 10817
2 93091
2 66382
1 85883
1 98078
2 94431
1 49590
2 65982
1 59495
2 79706
1 37236
1 20036
1 70460
2 69215
2 80743
1 842
2 78579
1 96965
1 33303
1 65596
1 71181
1 85320
1 42150
1 78341
1 32150
2 46074
1 80721
1 60638
1 45683
1 87878
2 41402
2 78090
2 90142
2 86589
1 16741
1 59758
1 25038
1 14122
1 55164
1 8169
2 14783
1 59736
1 78288
1 74644
1 67388
2 87637
1 73162
1 37791
2 87128
1 37515
1 1206
1 91472
2 668
1 25249
1 55049
2 23220
1 72973
1 7798
2 98753
2 70103
2 99606
1 6924
2 28666
2 58843
1 10592
1 74128
2 8900
1 2000
2 70073
2 88037
1 35424
1 52112
2 14830
1 5235
1 32909
1 24953
2 91580
2 10145
1 91713
2 1954
1 53734
1 89547
2 15118
1 93014
1 31096
1 35067
1 52272
1 57812
1 97953
2 40266
2 87348
2 95609
1 72800
2 46310
2 79208
1 56086
1 27658
1 43710
2 3866
2 9357
1 88649
2 128
2 38880
1 6900
2 73522
1 43570
1 46147
1 12600
1 80749
2 23155
1 96358
2 29083
2 51649
2 51031
2 12480
1 67881
1 41334
1 86344
2 97685
1 2816
2 32089
1 97319
1 69594
1 60597
1 88299
1 87565
2 15594
1 69979
1 153
1 5538
1 69859
2 65208
2 21244
1 17439
2 21630
1 36103
1 69281
1 37421
1 65277
2 78221
1 93239
2 13055
2 55946
1 78234
2 68838
2 84289
2 118
2 67378
2 63704
2 49823
1 96669
1 48271
1 84817
1 38997
2 70011
2 14799
1 96569
1 31782
2 22116
1 87538
1 95008
1 79759
1 73213
2 5717
1 71755
2 82480
2 12616
2 27267
1 20480
1 63233
1 94400
2 59820
1 86319
1 58656
2 60912
1 48271
2 67324
1 97074
1 32715
2 25137
1 66574
2 68108
2 620
1 60922
1 27477
1 54373
2 58768
1 18492
1 61547
1 80155
2 67767
2 51688
1 26398
2 76789
1 4803
2 87926
2 23315
1 48184
2 21685
2 6521
1 62128
1 97895
1 23302
1 40108
1 52975
1 27823
1 70131
2 83470
1 47736
2 97520
1 56649
1 86864
2 77152
1 20118
2 52592
2 37690
2 8588
2 31328
2 80158
2 36850
1 6237
1 660
2 60161
1 6731
2 39543
1 15380
1 92480
2 63562
1 1860
1 26177
1 24801
2 91130
1 68966
1 62372
2 74675
2 75505
2 1584
2 87001
2 38680
1 75247
1 41630
2 47473
2 86622
2 20054
2 44253
1 34829
1 68865
1 16490
1 80475
2 71276
1 25149
2 94651
2 9806
1 33908
1 16668
2 46141
1 90779
1 21953
2 14182
1 45536
1 14449
2 30072
1 99454
1 57269
1 81509
2 66784
1 77001
2 57713
2 69070
1 42046
1 23752
2 34150
2 94121
1 12157
1 18510
1 62854
2 44315
1 9815
2 84931
2 57649
1 14292
1 8907
2 38239
2 28970
2 72379
1 97414
2 19751
1 46556
2 65809
1 66997
1 8304
1 79421
1 55057
1 41150
2 38302
2 16132
1 703
1 91388
2 22531
1 94916
2 92658
2 67490
2 88882
2 28088
1 16787
2 71914
1 71356
1 62121
2 67492
1 54495
1 264
1 28451
1 72197
2 61786
2 81093
2 65456
2 74395
2 10975
1 46284
1 95797
2 1200
2 90572
1 39315
1 3365
1 72848
1 42520
2 84419
2 98331
1 2250
2 94107
2 57665
2 16727
2 37825
1 7637
2 88627
1 30554
2 73578
2 4141
2 55782
1 8065
2 239
2 16533
2 53028
1 43205
1 63698
2 91027
2 79687
1 55897
2 77952
1 90270
1 43452
2 79648
2 74495
1 38843
2 65959
1 61050
1 98269
1 52329
1 72973
1 76861
2 39000
1 93767
1 72471
2 13956
2 11492
1 7134
1 48060
2 42743
1 11648
1 99592
1 6404
2 11193
2 3414
1 34287
1 55368
1 65826
2 39043
1 6124
2 88887
1 61235
1 77634
1 80851
2 13136
2 26202
1 56874
1 92606
2 18209
2 86526
1 23467
1 41593
2 1620
1 54375
1 31246
2 24748
1 92097
2 20169
2 63693
2 26822
1 68701
2 39543
1 24273
2 65855
1 27518
1 74018
2 52975
2 39609
1 4154
2 68782
1 17439
2 7343
2 46940
1 63527
1 30052
2 89301
1 26193
2 18773
2 3219
1 72412
2 140
1 32197
2 42541
2 14251
1 46270
1 27487
2 18986
2 86880
2 59224
2 73428
1 28556
1 97041
2 15800
1 6841
2 79325
1 9489
1 78548
2 95797
1 13299
2 11660
1 23537
2 18177
1 99105
1 86753
2 70314
1 51456
1 51484
1 20317
2 52937
2 93689
1 72103
2 98753
2 63443
2 82033
1 18852
1 93170
1 80523
2 25630
1 52362
1 50135
1 32253
2 63037
1 50161
1 55407
2 74687
2 6431
2 41583
1 96279
2 69736
2 91004
1 72355
1 92522
1 4013
1 66161
2 72101
2 54214
1 88582
1 26800
2 42601
1 45423
2 9349
1 65378
1 68224
1 35946
1 37934
1 2744
2 21113
1 69443
1 52134
2 38503
2 90651
1 66678
1 70296
1 36651
2 1147
2 68773
1 44980
2 34927
1 22946
1 59082
2 48597
1 75833
2 44646
2 37729
1 10478
1 6698
2 91546
2 59083
2 4670
1 23659
2 71603
1 93135
2 1984
2 36508
2 41108
1 15776
2 88395
2 29391
2 99717
1 15499
2 37697
2 62261
1 71234
1 37034
1 60904
2 59801
1 92248
2 56226
2 25998
1 28809
1 89713
2 99884
1 81469
2 52047
1 66982
1 79516
2 68627
1 55854
1 58597
1 19970
2 91837
1 42074
1 50095
1 93800
2 46580
1 18815
1 66481
2 16608
2 9553
1 77900
1 52178
1 86585
2 82193
2 33626
2 78247
2 77762
2 65485
1 76742
1 34311
1 51460
1 35480
1 47219
1 21218
1 9267
2 71258
2 99769
2 78868
2 67109
1 49411
2 56147
1 51019
2 67295
2 46455
1 35015
1 65123
1 45814
2 1298
2 29455
1 90392
2 4592
2 16768
2 96939
2 15361
1 73172
1 29383
1 26249
2 78516
2 75936
1 59276
1 96804
1 77978
2 78295
1 62395
2 84734
2 79144
2 7454
2 68004
2 52172
2 96301
1 64836
1 45095
2 5033
2 78479
1 78659
1 28686
1 14475
1 22595
1 58255
2 37292
1 53355
2 87045
2 43328
2 28601
1 8386
1 859
1 41902
2 59636
1 27433
2 45319
1 96811
2 25775
1 87357
2 81069
2 23594
2 1978
1 38737
2 67426
1 87829
1 4012
1 25478
1 91688
1 1486
2 74368
1 13994
2 22076
1 11135
2 48604
1 18075
1 68161
1 2775
2 14905
2 99493
2 2426
2 6628
2 21264
1 99667
2 82408
1 50405
2 7967
2 65161
1 42099
1 86366
1 2226
1 47555
2 5100
2 97830
2 81051
1 25708
2 99827
1 65201
1 85109
2 68316
1 68586
1 64382
2 4614
1 80868
1 66354
1 1911
1 28498
2 42533
2 84730
2 47124
1 53288
1 40185
2 13367
1 26
1 55522
1 26126
1 69627
1 6724
2 90495
1 93452
1 49043
2 39910
2 38148
2 85070
2 62496
1 52651
2 74988
1 57293
2 2310
1 81450
2 1656
1 76149
1 53898
2 34518
1 26627
1 51549
1 75488
2 95746
1 96966
1 25609
2 78017
1 86836
2 96051
1 6529
2 40509
1 40180
1 59488
2 4848
2 36845
2 21841
2 36269
2 38380
2 35001
2 15260
1 32053
2 61189
2 83069
2 53174
2 1139
2 51282
2 43970
1 4437
2 70546
1 25852
1 52260
2 4438
1 95285
1 30641
2 89651
2 34030
1 29421
2 61047
1 31762
2 95344
2 12296
2 80247
1 30342
2 97825
2 88413
2 91422
1 10500
2 48141
1 85886
1 9496
1 32885
1 71428
2 34366
2 35937
2 64636
1 12737
1 97576
1 60457
2 71666
1 46920
1 20273
1 24706
1 34039
1 29806
1 9622
1 12777
1 11211
2 81701
1 32856
2 31292
1 43015
2 68482
1 60552
1 17218
1 21792
2 63847
1 95725
1 22767
1 73124
1 55058
1 69434
1 19791
1 68120
2 22192
1 66740
2 31189
1 86298
1 97518
1 87395
2 33696
2 11468
1 65326
2 97665
2 20409
2 22297
1 95934
2 58755
1 49712
2 25061
2 76250
2 5795
2 29151
1 91738
2 22877
1 95052
1 73137
2 76263
1 17777
1 41561
2 69373
1 49220
1 32344
1 19422
1 63856
1 66292
2 40045
2 81561
2 13325
1 74507
1 73838
1 22583
1 74856
2 31924
1 85186
1 93286
1 48293
2 65984
2 77316
1 92775
2 14752
2 87929
2 91274
1 92652
2 16821
1 36937
2 97973
2 58257
1 4928
1 64565
2 8680
1 94393
2 30189
1 66674
1 53753
2 61052
1 27192
1 63302
1 56055
1 2533
2 16230
2 33404
1 44228
2 99229
1 18592
2 14213
2 40051
2 88093
2 64519
2 72648
1 88403
1 81807
1 64404
2 29099
1 10193
2 73777
1 92187
2 41084
1 26090
1 43321
1 4565
1 95282
2 90679
2 17998
2 67015
1 3805
2 33395
2 86809
1 96712
2 60188
1 1310
1 2921
1 59197
1 60297
1 27256
1 15021
1 27813
1 39141
1 10633
1 88686
1 35990
2 66320
1 70815
2 95618
2 45048
1 44841
2 94500
1 42630
2 72844
2 14411
2 46603
1 20388
1 48253
1 80406
2 12588
1 67729
1 29563
2 66078
1 36787
2 46782
2 27061
2 54164
1 89677
1 66326
2 88190
2 59769
2 23080
1 20433
2 23981
2 91687
1 7441
1 78234
1 38902
1 29275
2 90941
1 33456
2 72359
1 98800
1 47461
1 35130
1 36578
1 64661
2 69063
1 29961
1 34684
1 28342
2 70560
1 74580
2 42988
2 6105
1 8114
1 77564
1 29257
1 58069
1 5025
1 45217
1 19095
1 89806
1 59063
2 11317
2 2269
1 7869
2 8807
2 82846
2 68912
1 87697
2 28275
2 40571
1 45590
2 82482
2 5955
2 12278
2 75098
1 94333
2 86090
1 75991
2 76482
1 55197
2 61950
1 34979
1 64286
1 41663
1 26822
1 6682
1 11504
2 32444
2 85017
2 19966
1 70485
2 4176
1 70620
2 74478
2 76321
1 64011
2 5808
1 31411
2 63553
1 97452
1 24407
1 59464
2 79483
2 45149
2 4948
2 16212
2 8335
2 10469
1 57886
1 33013
2 27202
2 27111
1 6101
2 11925
1 46193
2 15321
2 18933
1 31295
1 6865
1 91781
2 73491
2 67728
2 71803
1 54641
2 80442
1 41053
2 91327
2 61440
1 12144
2 75337
1 41341
2 99016
1 43676
1 47441
2 80861
1 15003
1 7269
1 20486
1 18394
1 34033
2 52989
1 43909
1 45851
1 33501
2 72284
1 35873
1 93114
2 3550
2 63287
1 88550
1 65329
1 26500
1 55816
2 2694
2 27522
1 35126
1 72096
2 86575
1 79823
1 10843
1 83462
1 14490
1 48854
1 34596
2 70695
1 92820
1 81954
1 72886
2 61787
1 29511
2 91388
1 51496
1 94242
2 68515
2 58318
2 17034
1 66808
2 32098
2 57175
2 76592
1 30799
1 27332
2 12018
1 20306
2 6280
1 36074
2 84099
2 88223
1 94083
1 1881
2 55323
2 38827
1 23619
2 51689
2 56650
1 75356
1 80204
2 13389
2 44185
2 36116
2 63463
2 56330
1 97669
1 91387
1 20464
2 8466
2 47264
1 97934
1 80268
2 14423
1 59204
1 85584
2 39999
2 7534
2 6186
2 79067
1 74282
1 2444
2 78395
2 84755
2 15818
2 17181
1 13064
1 91642
2 70210
1 1468
2 50056
1 50310
1 57958
2 21597
2 34967
1 41026
2 36098
1 53016
1 65752
2 7148
1 82705
1 76490
1 57098
1 46142
2 85967
2 38847
1 83365
2 94435
1 96683
1 75490
2 46188
1 87674
1 66969
1 91837
2 33090
1 14302
1 32262
2 14818
1 79956
2 28826
2 13809
1 55663
1 98014
2 33700
1 24112
2 58353
2 72666
2 13810
1 88591
1 83444
1 95277
1 19057
1 52303
2 6812
1 99335
2 1464
2 11395
1 6583
2 72211
2 59072
1 53461
1 90785
2 76578
2 8064
2 8155
2 37100
2 72585
1 75895
2 87288
1 40432
1 72369
1 76235
1 94805
1 19382
2 24124
2 47440
1 28817
1 93352
1 38173
1 75672
1 73503
2 95962
1 31226
1 42352
1 70079
2 77674
1 31404
2 17756
2 21204
2 9316
1 86264
2 60795
2 9986
2 42970
1 51830
1 5995
2 62280
1 92399
1 14574
1 15895
2 9201
1 1794
1 25591
2 73768
1 18219
2 20170
2 1317
1 73451
1 18649
2 43361
2 52290
2 73704
1 27757
1 41686
2 29406
1 95841
2 85476
2 22682
2 97447
2 19016
2 37756
2 98055
1 28294
2 98999
1 47604
2 49212
1 9686
2 35006
1 32012
1 85288
2 39807
2 85188
1 4251
2 69882
1 8497
1 34002
2 13231
1 41683
1 71054
2 56414
2 56576
1 69081
1 49525
2 19543
2 93656
2 22660
1 70973
2 31763
1 4405
1 47516
1 60457
2 74449
1 2865
2 30546
1 83406
1 65057
2 93670
2 683
1 30049
1 54481
2 58718
1 2117
1 27202
1 28300
2 50065
2 26480
2 75327
2 17983
2 66153
2 21769
1 48612
1 10388
2 14269
2 59054
2 6774
1 94080
1 1229
1 64892
1 90521
2 91849
1 23159
2 37662
2 33802
2 11718
1 75317
2 22952
2 5114
1 31088
2 80744
2 39401
2 15984
2 95967
2 76720
2 2447
1 26563
1 42298
2 6752
2 40571
1 12973
1 41876
1 51374
2 16923
1 41975
2 7938
2 73132
1 24375
1 18740
2 12510
2 78490
2 51081
1 65538
2 87166
1 26390
1 17062
1 92840
1 40659
1 50882
1 20251
2 1155
1 6949
1 78788
1 290
2 3317
2 19182
1 63733
2 95197
2 85009
2 47174
2 24249
2 24113
2 51732
2 68545
2 15421
1 74695
1 10728
2 68967
2 82537
2 28047
1 56280
2 5900
1 64075
2 52319
1 12546
1 86966
2 94094
2 85733
1 94374
2 60209
2 38334
2 69061
1 77651
2 69436
2 35077
2 55352
2 76370
1 47142
2 68829
1 37004
2 91150
2 49232
2 43888
1 36400
1 78342
2 20295
2 57950
2 79256
2 46171
1 29500
1 79069
2 43808
1 35720
2 38616
1 67826
1 45268
2 24533
2 13635
2 22965
2 20502
2 31759
2 99288
2 5209
1 53401
2 33940
1 93889
2 31175
2 1906
1 2736
1 33305
1 70721
2 75442
2 52698
2 73044
2 4039
1 604
2 30643
2 44819
2 92435
2 3528
1 48918
1 538
1 83836
2 4046
1 11343
1 4109
2 97896
1 40552
2 6765
2 19182
1 31076
2 7301
1 30585
1 31240
2 48001
2 81890
2 42760
1 94605
2 93886
2 61350
1 26323
1 11593
2 73678
1 45955
1 59463
1 71104
1 86861
1 31470
2 4908
1 74018
2 39573
1 72461
2 920
2 30907
1 25576
1 52452
1 90880
2 62043
1 65829
2 49149
2 4295
1 10896
1 6511
2 51430
1 55301
2 77044
1 17922
2 47068
2 38007
2 62989
2 38126
2 79042
1 79403
2 18222
1 33623
2 77788
1 8984
2 67834
2 32982
2 79905
2 49447
2 79171
1 1366
1 30801
2 35383
1 43064
2 66357
1 72859
2 31985
2 74319
1 70772
2 97614
2 28374
2 99727
1 86267
1 44914
2 45695
2 34559
2 71109
2 40050
1 12292
1 91309
2 45143
1 50091
2 83264
1 91403
1 45967
2 29065
1 84278
2 99333
1 44020
2 90582
1 8658
2 29272
2 97056
2 63524
2 78753
2 57426
2 67680
1 48328
1 38499
1 35799
1 75602
1 54806
2 53857
2 23895
2 89808
1 62023
1 9392
2 98534
2 6451
2 80304
2 52467
1 3642
1 86440
1 12734
1 95345
1 67080
2 2606
1 40079
1 83031
2 74803
2 57697
2 30924
1 14841
2 64675
1 14500
2 83182
1 67002
1 90522
2 70000
1 35569
2 38483
1 6814
1 22731
1 15874
1 53465
2 42543
1 41410
1 66290
2 30589
1 87384
1 22471
1 72384
1 39426
2 1349
2 11888
2 6135
2 87553
2 79777
1 99660
2 30330
1 12125
2 75464
2 45113
1 61422
2 2580
2 65640
2 5298
2 8654
2 62570
1 31528
2 64674
1 9634
2 69881
2 94741
2 43429
1 28517
1 62298
1 78582
1 67130
2 71223
2 45647
1 45148
1 29789
2 2909
2 66293
1 61573
1 5198
1 10753
2 92930
1 61073
2 61367
1 84532
1 3137
2 14583
2 93321
1 41946
1 11906
1 52188
1 16575
2 79977
2 44136
2 21277
2 68191
2 58324
1 84500
1 83206
1 2169
1 9025
2 587
2 14707
1 91519
1 58843
2 34420
1 78809
2 37810
1 90270
1 57197
1 4634
1 29146
2 16939
1 1978
2 57723
2 55332
1 70376
2 79099
1 68432
1 72572
2 77358
2 63137
2 18805
1 68800
1 89421
2 32231
2 92722
1 60502
1 37972
1 93462
2 94635
1 31340
2 46683
1 378
2 13790
2 22130
2 49412
1 32270
2 63133
1 65418
2 50846
1 34032
1 19802
1 3327
1 3231
1 49380
1 32274
1 88204
1 39688
2 16798
2 25655
1 25094
1 37617
1 70376
2 15836
2 44389
1 89122
2 49505
2 85130
2 62135
1 71528
2 94415
1 80957
2 82693
2 26476
2 31823
1 54271
1 34575
2 59576
2 24741
1 12892
1 54222
2 43919
2 28059
1 47812
2 16865
1 64143
2 59328
1 53927
2 21400
2 81163
2 37540
2 41690
2 5529
2 82847
1 34294
2 78182
2 39112
2 45471
2 20471
1 36711
1 23831
2 20116
1 25308
1 41294
1 47798
2 41826
1 1815
2 83110
2 98420
2 4284
2 4246
1 4846
1 75930
2 55504
1 82681
2 25132
2 4068
2 20229
1 87852
1 40183
2 66564
2 31048
1 68648
1 85743
1 1719
2 15060
1 8781
1 57879
2 88339
1 67622
1 67620
2 23124
2 1832
1 94482
1 81952
2 59138
2 99742
1 68352
2 92272
2 75516
1 7571
1 32533
2 73124
1 48971
2 78936
1 6221
1 4265
2 20590
2 73455
2 39647
2 61247
2 15779
2 50188
2 23681
2 67270
2 72991
1 99890
2 89456
2 23137
1 69122
2 41718
1 20966
1 43675
1 54858
1 67345
1 76402
1 57486
2 78920
2 71087
2 58648
2 89454
1 50979
2 13595
1 89558
1 27699
1 71122
2 10722
1 33402
2 53118
2 1
2 10028
1 17946
1 7443
2 80906
2 74760
2 28757
1 57696
1 4388
2 48197
2 1304
1 92014
1 66049
1 11544
1 62524
2 12326
1 79784
2 2061
1 58191
1 64718
2 58718
2 69652
2 49037
1 18485
2 53621
1 44525
1 95974
1 38359
2 82735
1 93712
1 78091
2 24343
2 51386
1 84013
1 43436
2 27381
2 74877
1 74852
2 76767
2 70742
1 53266
1 30128
2 68387
2 32004
2 12522
1 41458
2 77029
2 35906
2 19921
1 33560
1 82302
2 28325
2 48104
1 62477
1 48919
2 46009
2 63317
1 65497
2 3096
2 93721
2 65593
2 81069
2 67297
2 44416
1 41759
2 29694
1 70882
2 33611
2 11456
2 22982
1 63060
1 1861
1 33502
2 20219
2 65962
2 99505
2 9415
1 77466
1 99996
1 73286
2 58268
1 49997
1 78357
2 74288
2 85422
1 68135
2 59622
2 11646
1 22636
2 36570
1 33000
1 54687
2 65048
2 23866
1 98354
1 95507
2 938
2 18682
2 43835
1 48071
1 73186
2 11012
2 95729
1 63484
1 4322
2 29705
1 55070
1 98117
2 97992
2 56720
1 87587
1 3306
2 56221
2 15584
2 93684
1 59722
1 38423
1 54862
2 27473
2 36865
2 86964
1 44402
2 10068
2 33683
2 70540
2 44459
1 92263
2 58228
1 3629
2 96322
2 42557
2 42390
1 14834
2 11403
1 15530
1 93397
2 71314
2 3122
1 43912
2 25691
2 70933
2 93945
2 25896
1 61387
1 6568
1 88103
2 90847
2 6848
1 58772
2 31520
1 5456
1 84624
1 43234
1 93984
2 97510
1 55192
2 39969
1 46603
1 94650
1 39181
1 37522
1 53461
2 81410
2 32406
2 42430
1 53303
2 54831
1 93934
2 68442
1 39936
1 45072
2 5857
2 75492
1 27179
2 76616
1 21637
1 53764
1 15193
1 17710
1 32107
1 2450
2 18514
2 95740
1 15983
1 11846
2 53903
2 1203
1 72496
1 42620
2 94978
2 23452
1 13030
1 26906
1 11515
2 22987
2 10381
2 66356
1 60414
2 16844
1 63963
2 28016
2 57103
1 57465
2 82033
2 20118
2 58886
2 31570
1 90282
1 1984
2 85351
1 68844
2 15940
2 97004
2 33653
1 66536
2 39468
2 37238
1 30935
1 84846
2 47830
2 40132
2 93742
2 22452
1 72336
2 93004
2 76803
1 22373
1 38889
1 33032
2 50272
2 47437
1 17357
2 38141
2 17567
1 2425
2 65779
1 72827
1 95945
1 86328
1 34390
2 97346
1 75472
1 80264
1 60070
2 60917
2 59366
1 66512
1 55826
1 93140
2 52985
1 63330
2 3292
2 13358
1 13131
2 16598
1 7129
1 63117
1 49695
2 81947
2 76140
2 25930
1 31540
2 30253
1 17825
2 81357
1 73683
1 91688
1 13182
2 93997
1 15495
1 96818
1 38225
2 14174
2 43513
1 54666
1 57255
1 57828
2 3543
1 81901
1 53562
2 53446
2 6783
2 69326
2 66995
2 95073
2 78358
1 64939
1 23216
1 77759
1 22608
2 33030
1 66787
1 73015
2 68235
1 65773
1 48401
1 82976
1 91134
2 20911
1 40092
2 69067
1 58056
1 41549
1 35594
1 53685
2 32239
1 14684
1 33558
1 58920
2 91715
2 81144
2 4907
1 89754
2 38397
2 90152
1 83971
1 43955
1 31988
1 91995
1 39460
1 16728
2 24361
1 24202
1 62897
2 81303
1 64307
1 73083
2 2616
1 75720
2 98365
2 35807
1 13198
1 46722
1 21960
1 96516
2 98335
1 52950
1 74445
2 12961
2 68120
1 99101
2 50843
2 77597
1 44021
2 51013
2 82233
2 39632
2 29788
2 43803
2 60778
2 61462
1 14683
2 50666
1 57572
2 71135
1 68465
2 73371
2 22958
1 62371
2 44425
2 42095
1 64401
2 81330
2 64369
2 77354
1 45567
2 23185
1 34586
1 62040
1 28852
2 8169
2 52218
2 32139
1 68919
1 67605
1 68160
2 87828
1 98098
1 30537
2 2980
2 85443
1 82998
1 33524
2 62730
2 37039
1 94981
2 10337
2 75083
2 50857
1 44360
2 79834
1 43114
2 75820
1 86223
1 68592
2 45973
2 17027
1 93122
2 71579
2 72616
2 42662
1 90349
1 81545
1 44672
2 33004
1 23995
1 59135
2 64476
2 62830
2 96857
1 37989
1 74628
2 85095
1 85898
2 54807
2 76449
1 95279
1 30087
2 81091
1 22498
2 1367
2 89232
2 18820
1 67823
2 17900
1 91967
2 48322
1 42398
1 41
1 33735
2 6047
1 3983
1 18243
1 35531
2 83913
1 82298
2 74383
1 78162
2 88726
2 27768
1 52268
2 61921
2 35780
2 3988
2 36830
2 39061
1 86786
1 36466
2 46141
2 43051
2 57537
1 48372
1 2372
1 25647
2 38519
2 35844
1 89052
1 75579
2 61971
2 38758
2 25954
2 51303
2 37052
1 81417
2 1318
2 856
1 34271
1 32591
2 88220
2 22298
2 43114
2 76785
1 61213
2 93296
2 58974
2 38556
2 3505
1 52708
2 7126
2 47068
1 79388
2 39065
2 94888
2 20820
1 52971
1 13520
2 44285
1 58565
1 95042
1 51684
2 35236
2 57879
2 10290
2 36074
1 10637
1 45339
2 44531
2 27495
2 65710
2 18685
2 26171
1 79069
1 10310
2 93426
2 92147
2 55745
1 35802
2 65084
2 95029
1 612
1 90091
2 28761
1 22768
1 4047
2 56116
1 65916
2 70691
2 69977
1 29967
1 55290
1 36515
2 21880
1 21238
2 51932
1 95745
1 47040
2 66048
1 4099
2 37865
2 34020
1 52539
2 26545
2 55044
1 23982
2 64723
1 9747
1 44765
2 37052
1 57457
1 90451
1 73063
1 13134
2 95011
2 66517
2 12020
2 70413
2 12088
2 20220
2 77957
1 65467
2 34380
1 81621
1 20871
2 72978
1 93288
2 89788
1 6064
1 96771
2 40789
2 30314
1 28710
1 96182
1 51200
2 56246
2 59010
2 87648
2 50168
2 8376
2 3327
2 9877
1 31769
1 22785
2 17673
2 97570
2 40553
2 69968
2 886
2 70842
1 74384
1 88194
1 83839
1 9520
1 89078
1 83669
2 66212
1 89513
2 42060
1 46496
2 50543
2 2922
1 72542
2 46395
1 98686
2 70031
2 78968
1 17163
2 29398
1 15934
1 55741
2 9153
2 97507
2 49265
1 97564
1 47682
1 23594
1 60761
2 52631
2 77099
2 35517
1 37398
2 28799
1 58579
2 14933
2 85700
1 79434
1 85630
1 28122
1 33888
2 32531
1 73165
1 27543
1 87485
2 62807
1 22075
2 23167
1 10939
1 46083
2 39188
1 3379
1 1999
1 44748
2 31791
2 78366
2 49150
2 35691
2 49699
2 92490
2 42975
2 63577
1 11213
1 14205
2 29238
1 32646
2 46514
2 29749
2 74715
1 40099
1 45792
1 15257
1 2226
2 71004
2 62295
1 80471
2 19832
1 11996
1 66818
1 31075
1 31254
2 26144
1 70557
2 43451
1 80388
1 25146
2 48219
1 56258
1 54309
1 85751
1 74523
2 78583
1 56212
1 68946
2 49358
2 74281
2 86794
2 53751
1 54906
2 55115
2 77606
2 22542
1 32415
1 14625
1 22570
1 39359
1 72902
2 7816
2 35785
2 56550
2 94577
1 53975
2 64073
2 65713
1 84893
2 62129
1 52802
1 62886
2 88305
2 90061
2 41645
2 68082
2 96469
1 65424
2 94455
2 5681
1 8249
2 91032
2 36409
1 93988
2 53306
1 70193
2 43705
2 58413
1 34614
1 4642
2 85447
2 77943
2 3461
1 82341
1 65365
2 50571
1 13040
1 92247
2 96468
2 7329
2 37120
2 18378
2 89209
2 80648
1 61969
1 65871
2 57135
1 53207
2 70611
1 8007
2 83513
1 25477
2 85654
1 82572
2 13346
2 33934
1 76794
2 75995
1 43274
1 66836
2 32782
1 10777
2 12048
1 43700
2 40510
1 48087
2 85864
2 63067
1 82090
2 74913
1 4955
2 32586
1 18933
2 22294
1 49394
2 47716
1 16026
1 13811
1 25246
2 77244
2 1650
1 1339
1 49161
2 97386
1 8865
2 2547
2 37252
2 70574
1 30145
1 83981
2 8269
2 80864
2 66259
2 82855
2 32116
2 77701
2 71808
2 19354
1 53811
2 98446
1 60288
1 41826
1 51607
1 92579
2 70327
1 36035
2 25896
2 40481
1 72054
2 61929
2 38488
1 32414
2 2109
1 77141
2 36132
2 46444
2 73691
1 8618
2 7069
1 56032
2 20893
1 4463
2 98652
1 82172
1 1343
1 26669
1 81299
1 82738
1 32967
2 42893
1 77980
1 11660
2 74458
2 34269
1 46660
1 68236
1 70413
2 1999
2 36526
2 91231
1 86840
2 92549
1 49718
2 8173
2 76566
2 17299
2 24332
1 36448
1 3524
2 47234
2 80240
2 83915
2 25378
1 47746
2 48317
2 13725
1 35858
1 88228
2 28525
2 57016
1 3907
2 86892
2 80809
2 20619
2 66532
1 85340
2 23582
2 64306
1 15893
2 48720
2 81618
2 72605
2 52046
1 26701
2 45067
2 41115
2 72851
1 8211
1 5214
2 37496
2 69521
2 68809
1 31025
2 27619
2 92425
1 35368
1 78901
2 45476
2 22556
1 48965
2 81552
2 39941
2 12523
2 69631
2 57650
1 28042
2 95157
2 12078
1 89372
2 85791
1 84208
2 18371
2 53506
2 64436
2 83137
2 38505
1 71718
1 39952
1 90015
2 18511
2 36747
1 39433
2 61238
2 78370
2 2467
2 1078
2 69306
2 87232
2 12819
1 12234
2 83864
2 87036
1 39351
2 16285
1 38571
2 41395
2 51593
1 89209
1 81889
1 63888
2 30898
2 14454
2 26762
2 4306
2 40888
1 72112
1 9672
1 59298
1 10904
1 76542
2 86650
2 93289
2 27002
2 6006
2 276
2 92901
1 68867
2 31213
1 34250
1 915
1 99562
1 96521
2 84404
1 91080
2 73441
1 71563
1 75827
2 2879
1 91060
2 73248
1 11148
2 79086
1 85723
1 87934
1 22482
1 38422
2 27301
2 89515
2 78315
1 97011
2 90286
2 6804
2 20374
2 56679
2 44764
1 89026
1 2531
1 49957
1 73609
2 51890
1 79384
2 52001
1 76832
2 15676
2 34449
2 59115
1 48023
1 76447
1 85661
1 8164
2 15794
1 2717
1 39371
1 12900
1 43516
2 62615
1 85100
1 74654
1 40903
2 31753
1 27027
2 4091
2 19230
1 72635
2 48271
2 57965
1 85055
1 49812
2 36561
2 12083
2 67884
2 87656
2 61980
1 51766
1 22096
2 61799
1 53769
1 74753
1 55899
2 80882
2 11127
1 12709
2 70398
2 1325
1 97482
2 61109
2 89792
2 12659
1 84212
2 89113
1 66198
2 85194
1 63559
1 54666
2 96529
2 90089
2 35559
1 91485
1 18500
2 55996
1 70288
2 10228
2 68974
1 57084
1 155
1 65888
2 25245
2 20649
2 40024
2 55509
2 41201
2 35710
2 44640
2 77183
1 44194
2 83295
1 36774
1 95452
2 63145
1 29666
1 94551
1 98702
2 58481
2 5372
1 38886
2 64194
2 38869
1 62775
1 20161
1 11759
2 43475
2 73143
2 21331
2 26293
2 47892
1 33193
2 74494
2 34553
2 37394
2 21356
2 69015
2 10711
2 92202
2 86795
2 4447
1 69641
2 67723
2 38298
1 18178
2 91599
1 17604
1 49525
1 36504
1 40119
2 47454
1 81359
2 98827
2 43320
1 42892
1 4180
1 53118
2 26630
1 59387
1 75363
2 12744
2 9730
1 53493
2 57379
2 20076
1 62063
2 56526
1 13494
2 72824
1 96872
2 56405
2 13372
2 79935
1 39924
2 95340
2 21713
1 61947
1 17341
2 33807
1 93508
1 43521
1 40271
1 28144
2 91930
1 13775
1 21518
2 47588
1 98405
2 77326
1 26660
2 49512
1 98456
2 90667
2 68350
2 75882
1 34345
1 31203
1 89491
2 27489
1 93237
2 25614
2 83361
2 67007
1 79669
2 21338
2 66278
2 14389
2 15990
2 67574
2 4886
2 16603
1 69512
2 27248
2 50907
2 51696
1 42962
1 50454
1 33305
1 8740
1 93908
1 99722
2 63297
1 46202
1 63406
2 92471
2 6618
1 77929
2 33014
2 24975
1 2692
1 49347
1 51930
1 9755
2 45462
2 27579
2 42833
2 22191
2 11702
2 60190
1 64669
1 88190
2 36371
2 48234
1 8134
2 14605
2 11384
1 52983
1 48031
1 32756
2 6561
2 52988
1 62536
1 64120
1 2404
1 74531
2 23307
2 17482
2 67226
2 25194
1 96084
1 77237
2 73443
2 66468
1 62100
1 19676
2 58929
1 62947
2 59351
1 69879
1 68799
2 68168
2 31529
1 9895
1 24729
1 9752
1 68541
2 10340
2 43168
2 76184
1 52780
1 91004
1 93779
1 27177
2 38173
1 50802
2 57162
1 88850
1 32210
2 60579
1 90680
1 54421
2 1692
1 96338
2 83000
2 43617
2 87158
2 71990
2 70173
2 28873
1 20080
2 35036
2 55274
1 47625
2 26024
1 6063
1 2057
2 16350
1 96710
1 30051
1 1686
2 96483
1 12945
2 46067
2 44255
2 2655
2 8440
1 63179
2 58798
2 69247
1 3470
1 53427
2 30472
2 56646
1 32115
2 3210
2 57623
2 17796
1 19807
2 68045
2 81772
1 76312
1 89064
1 15038
2 97162
1 89931
1 39563
1 10466
1 74889
2 66478
1 95433
2 50563
1 91086
1 63016
1 64108
2 59887
1 51683
1 13488
1 62265
2 76703
1 2869
1 15136
1 83717
1 57539
1 71268
2 74735
2 78408
1 87023
1 57955
1 36432
1 84978
2 19935
1 81648
1 87940
1 78957
2 15237
2 5724
2 39180
2 79667
1 44799
2 84898
2 13626
2 84921
1 41416
1 66345
2 29936
1 65554
2 32077
2 68005
1 89587
2 8887
2 57455
1 98040
2 48422
2 20790
1 52403
1 27546
1 67387
1 62989
2 10460
1 86212
1 80143
1 7954
1 21400
2 52129
1 17839
1 31359
2 64531
1 49095
1 13378
1 19272
1 11967
2 19448
2 48261
2 68939
2 6385
2 60913
1 98823
1 47129
1 74742
2 57525
2 13067
2 71580
2 27667
1 76039
1 64312
1 99837
1 7869
2 32148
1 23683
2 71104
2 63549
1 34524
1 54405
1 32400
1 97479
2 27939
1 42457
2 80713
2 95216
2 90650
1 77719
2 94951
1 61085
1 91749
2 35404
1 11235
1 72779
1 75881
2 38511
2 56178
2 38505
1 34446
1 39654
2 40077
2 12458
1 7287
1 13150
1 55646
1 57779
1 58252
1 39859
2 64050
2 61541
2 95258
1 60166
1 25565
2 8687
1 45003
1 89854
2 74060
2 63977
1 47148
1 70392
2 89192
2 48762
2 79278
1 65526
2 57944
1 89864
2 63967
2 69838
1 3608
1 56005
2 83690
2 68951
1 39252
2 84108
2 64699
1 65140
2 15878
2 1318
1 37924
2 20951
2 34388
1 7136
1 39162
1 37857
2 88311
2 51899
1 50630
2 12240
1 84274
1 24573
1 94777
1 47374
2 86242
2 47385
2 48596
2 81655
1 77438
1 77257
2 73353
1 66925
2 49318
2 83459
2 80895
1 59492
1 88257
2 55563
1 53156
1 21219
2 65480
2 67365
1 80393
2 95204
1 92257
1 45753
1 5834
1 61568
1 90159
2 18127
1 2023
2 6714
1 22672
1 97011
2 51573
1 64452
1 74173
1 37462
1 52559
2 51769
2 74872
2 35031
2 27185
2 28163
1 92672
2 50993
2 45384
1 52734
1 44660
2 74493
1 27797
1 86426
2 23122
2 67228
1 7475
2 27712
1 31954
2 62787
2 40049
2 59901
2 48265
2 68941
2 34724
2 11581
1 91564
2 24095
2 75280
2 50296
2 54992
1 77859
2 55009
2 68308
1 22383
2 36020
2 90029
1 96484
1 56861
2 86270
2 91630
1 63383
1 49084
1 21053
1 90931
2 67886
2 51231
1 52749
1 24388
1 92012
1 32816
1 25992
2 8025
1 51303
2 36276
2 1731
1 51252
1 53791
1 26391
2 50748
1 18630
2 15604
1 90600
1 18922
2 83315
1 80923
1 72560
1 99092
2 46060
1 93803
1 11807
1 66821
1 9494
2 17573
1 25125
2 39990
2 45967
2 10393
2 25293
1 22113
1 42718
2 90415
1 41238
1 28404
1 71368
2 34096
1 42630
1 4008
1 17124
1 11844
1 48902
1 98312
2 48391
2 73011
2 37987
2 6363
1 60774
2 27438
2 44409
1 32599
2 49841
1 11570
1 62523
2 60753
2 29896
1 31277
2 66776
2 35851
1 71207
2 52751
2 2113
2 70526
2 17840
2 68700
2 64543
1 70439
1 10962
1 64806
2 15871
1 65067
2 36258
2 95354
1 82968
1 61313
1 59343
1 88873
1 77427
2 30150
1 41559
2 17267
2 33516
2 54627
2 23929
1 24314
2 84636
2 18656
1 28901
2 5005
1 97381
1 77817
1 22869
2 51207
2 4057
1 11273
2 49705
1 97533
1 6995
1 97383
2 1481
2 18081
1 582
1 87255
2 850
1 91874
1 44762
1 23310
2 98876
1 10567
1 12205
1 46413
2 83207
2 9911
1 5348
1 81548
1 35470
2 41892
1 50193
2 16428
2 61047
2 34598
1 81408
2 32351
2 17126
1 59215
2 33240
2 34518
1 83044
1 29185
2 22233
1 40538
1 23585
1 77150
1 65618
2 66234
2 54115
1 78256
2 90920
2 5785
2 5064
2 85084
1 92463
2 26269
1 32668
2 43686
2 5761
2 99626
1 24280
2 33621
1 92547
2 56794
1 93592
2 96411
2 72334
1 46232
2 34089
1 18539
2 92173
2 88681
2 16627
2 4915
1 83520
1 73352
2 47382
2 74689
2 37413
2 66511
2 83191
2 79315
2 65992
1 438
1 5480
1 80955
2 68691
1 42518
1 32325
1 77589
2 39658
1 55989
1 33573
1 55737
1 22311
2 25375
1 93975
1 94178
2 8345
1 95704
1 88327
2 24574
1 45760
1 31099
1 10171
2 3528
2 27358
1 50118
2 81918
1 75188
2 98806
1 91974
1 52841
1 24905
1 61804
1 90511
2 63924
2 2677
1 52846
1 35073
1 22207
2 67208
1 90067
1 67794
2 69886
1 71992
1 54416
1 49326
1 88404
2 63789
2 66642
1 89405
1 33538
1 49526
1 32091
2 85741
2 49600
2 56411
2 62135
2 12300
1 62894
2 26511
2 3061
1 92950
2 26758
2 81671
1 6399
2 77168
2 64781
2 19519
2 16086
2 61946
1 94871
2 69686
2 66216
2 59693
2 21331
2 61347
1 84349
2 55293
1 62135
1 50894
1 69112
2 97752
1 2392
2 92464
2 89784
2 20104
2 2755
1 6732
2 23997
1 35952
2 55550
2 30484
1 20734
1 37471
1 96886
2 41793
1 52324
1 46679
1 10945
2 32698
2 11702
1 62230
2 10963
1 71248
1 52681
1 14720
2 92112
2 68011
1 81925
1 40643
1 12695
1 15870
1 15926
1 54047
1 69559
2 40973
2 43116
2 84251
1 65572
1 35117
2 10588
1 35261
2 73144
1 21595
2 16094
1 78083
2 65062
2 50203
1 3233
2 98397
1 61539
2 13088
2 72707
1 7889
2 93731
2 96305
2 94711
1 15325
1 45525
1 7995
1 2987
2 9548
1 58728
2 33809
1 37889
2 22440
1 94214
2 66558
1 45454
1 34977
2 57960
1 39834
2 84361
1 25704
1 59275
2 80463
2 86456
1 9808
1 55707
2 35295
2 85195
2 57383
1 81955
1 90214
2 50576
2 73822
1 76471
1 71759
2 31051
2 38219
2 74658
2 52205
2 12879
1 9297
1 51851
2 92425
2 71499
1 27324
1 7723
1 48105
1 76283
2 91647
1 48699
1 18932
2 34778
1 45416
2 33189
1 41971
1 10114
1 44661
1 83876
1 10019
1 12220
2 39790
1 36318
2 56482
1 46169
1 2590
1 82622
2 10145
1 25775
1 38434
1 52968
2 3807
1 33119
2 29917
1 36092
1 19501
1 63833
1 98096
1 41118
1 21427
1 96547
1 22954
2 31812
2 59050
2 16028
1 58623
1 57031
2 29372
2 42769
2 91207
2 21483
2 30652
1 45162
2 71085
2 38641
2 18995
1 37558
1 76489
1 72220
2 18220
1 47871
1 91603
1 93159
2 98473
2 49292
2 78172
2 93462
2 69071
1 64070
1 42008
1 23272
1 55548
1 66843
2 53653
1 22413
1 64263
2 873
2 87786
2 46086
1 88865
1 18604
1 91332
2 50389
1 31849
1 68873
1 87069
2 41083
1 99126
1 63611
1 83520
1 23320
1 79434
2 22782
2 7039
2 9706
2 61706
2 8902
1 64429
2 33406
1 71960
1 7382
2 76066
2 5022
1 3210
1 77895
2 91983
2 59280
2 88603
2 42786
1 12947
1 38390
2 92330
2 7676
1 57805
1 28940
1 57020
1 17949
1 36457
1 15443
2 21425
2 78586
2 80848
1 88076
2 22781
2 65339
1 47113
1 3852
2 18708
2 17358
1 85401
1 43175
1 63391
1 34423
1 18342
1 20853
2 21146
1 94765
2 74480
2 53445
2 17703
2 77924
1 25273
1 96995
2 83368
2 91053
2 71678
1 49320
1 24838
2 81274
1 78306
1 30048
2 35822
1 18628
1 62428
1 33879
2 37692
1 81518
1 5368
1 94602
1 12231
1 70617
2 20250
2 61862
2 36182
2 9735
1 47101
1 67748
1 17256
1 57856
1 54733
1 95957
1 26570
2 10063
1 37528
1 4174
1 11930
1 82709
2 67294
2 27000
1 7768
1 70866
1 67234
2 23469
2 84666
1 55585
2 8625
2 367
1 47657
2 81516
1 74298
2 82310
1 3317
1 87423
1 24746
1 7110
2 58797
1 67387
2 90395
1 61359
2 96435
1 49132
2 73662
2 78817
2 45430
1 62457
2 3340
1 99978
2 8825
2 30342
2 49400
1 6705
2 20619
2 61162
1 19626
2 57444
2 73717
2 7189
1 29729
2 15496
2 1748
1 42105
2 94145
1 14438
1 20449
2 24774
2 69464
2 7625
1 15640
2 74645
1 60051
1 16889
2 35602
2 91344
1 52827
1 1176
1 72647
2 95692
1 76204
2 74900
2 64521
1 18824
2 42291
2 63333
1 47079
1 39196
1 90529
1 7493
1 56027
2 24591
2 451
2 72102
1 850
1 47552
2 38460
2 90648
1 32570
2 38253
1 78013
1 83914
1 1061
1 9771
2 14097
1 89317
2 73598
1 81286
2 39829
2 79050
2 38640
1 30834
2 93067
1 37588
1 89686
2 12150
1 68321
2 80723
2 97837
2 64047
1 84846
1 45739
2 23754
1 65871
1 26241
1 42346
1 62673
2 20790
2 29883
2 25309
1 4088
2 69596
1 13689
1 47961
2 23562
2 26377
2 90401
2 80629
2 14766
1 35133
1 581
2 12207
1 67937
2 17264
2 26032
2 98839
2 27939
2 34927
2 53628
1 70595
1 67191
2 98402
2 60894
1 86227
1 442
1 76574
1 60388
1 55471
2 60481
1 83977
2 58950
1 30870
1 10043
1 89264
2 59842
2 71426
1 41817
1 93739
2 75786
1 45870
1 67248
1 37175
1 87765
1 42841
1 36514
1 95891
2 60196
1 87466
1 61186
2 23227
2 40944
1 8651
1 22656
1 80983
1 63224
2 96428
1 63986
2 63455
2 79234
1 7174
1 76981
2 67103
1 80961
2 4032
2 32728
1 10388
1 45356
1 84689
1 93625
2 28528
2 48175
1 33103
2 93886
2 21153
1 6320
2 10851
2 48171
2 69141
1 97633
1 17194
1 34028
2 68160
2 48312
2 94324
1 19002
2 76221
1 27146
2 43779
1 70822
2 23332
2 284
1 5752
2 84379
1 14866
1 17789
2 18769
1 20060
1 10932
1 51712
2 75427
1 41203
1 53770
1 37248
2 11845
1 83286
2 87135
1 3075
2 62181
1 1853
2 54501
2 4538
1 43719
2 68281
2 8556
2 72824
1 81918
1 76530
2 54408
1 47845
2 83934
2 62062
1 72138
1 54323
2 62906
2 48386
2 73614
2 82939
2 85675
1 22265
1 96891
1 9264
1 39302
1 3302
1 82781
2 43335
1 40005
2 49685
2 76833
2 19472
1 4270
2 73158
1 98289
2 17957
2 57634
1 8514
2 95261
1 39227
1 17067
1 59466
2 45442
2 39165
1 96494
2 80939
2 71947
2 87497
2 52412
1 81220
1 6991
2 89845
2 62945
2 38811
2 95814
1 618
2 93188
1 18226
2 79508
2 42856
1 98531
2 74492
2 30311
1 6123
1 8075
1 70404
1 82823
2 16434
2 47226
2 60679
2 52575
1 76063
2 19544
2 25915
1 12024
1 39260
1 61169
2 82972
2 5411
2 20654
2 56980
1 25364
2 48822
1 60215
2 50014
2 53252
2 11088
1 84021
1 10348
2 69355
2 37487
2 3938
2 38179
2 51025
2 80530
2 60395
2 87850
1 93837
2 17739
1 66862
2 12968
1 24825
1 1188
2 48537
2 52425
2 8342
2 5399
2 80491
2 22649
1 14924
2 71243
2 86184
2 16425
1 49760
1 47592
2 11150
1 39355
1 12324
2 65313
2 87400
2 25846
2 73720
1 88541
1 96824
1 68011
2 78050
2 25568
1 12506
1 15725
1 77454
1 91769
2 66347
1 64631
2 62833
1 77388
1 26798
2 5681
2 73490
1 857
1 71232
2 25467
2 71416
1 72704
2 99746
1 61639
2 25102
1 97720
1 86568
1 35661
2 24134
2 69835
1 6382
2 25955
1 1925
2 30367
2 60198
1 16179
1 31658
1 74853
1 60978
1 3510
2 87237
2 68996
2 66297
1 26440
2 79734
1 36075
2 957
1 63766
1 35541
2 44279
2 66683
2 13014
2 38244
1 36752
1 43994
2 64155
2 82611
1 66531
1 70785
2 12378
1 98549
1 54574
1 14965
1 13666
1 8471
1 8840
2 7843
2 63283
2 80507
1 61564
1 98926
1 28822
2 62766
1 84146
1 20033
1 6896
2 35526
2 56160
2 43384
1 79155
1 7569
1 15055
2 76141
2 57991
2 84588
1 92448
1 23810
2 82874
2 53770
2 26868
2 26029
2 46930
1 21099
1 8175
1 98624
2 96087
2 64688
1 36862
2 37695
2 45133
1 63682
1 51136
1 83331
2 44460
2 45255
2 85344
1 69684
1 59640
1 62027
1 7713
2 64515
1 7830
2 56616
1 89425
2 35552
1 70222
2 7761
2 89887
2 95736
2 362
2 12867
1 15305
1 24001
2 6763
2 16803
2 51576
1 94722
1 18865
1 61735
2 41342
1 1293
1 34285
2 32264
2 15683
1 58257
2 90761
1 86583
2 93108
2 23678
1 96491
2 32044
2 1756
2 63261
1 28887
2 72416
2 77899
1 44373
1 27855
2 21264
1 67441
2 21418
1 50352
2 47941
2 71367
2 14938
2 58214
1 29147
2 93926
1 5111
1 71524
1 67889
1 1025
1 17598
2 61105
2 58949
2 6152
2 93692
2 61840
1 37061
1 64562
1 9214
2 41241
2 28875
1 12183
2 74693
1 18632
2 13862
2 80421
2 18756
1 69685
2 99054
1 98912
1 7682
1 16308
2 82329
1 29021
1 89025
2 32673
2 11192
3
